service_id,monday,tuesday,wednesday,thursday,friday,saturday,sunday,start_date,end_date
BUS12023-hba13011-Weekday-02,1,1,1,1,1,0,0,20230103,20230310
BUS12023-hbb13011-Weekday-02,1,1,1,1,1,0,0,20230103,20230310
BUS12023-hbc13fr1-Weekday-02,0,0,0,0,1,0,0,20221223,20230310
BUS12023-hbc13nf1-Weekday-02,0,0,0,0,1,0,0,20221230,20221230
BUS12023-hbc13sn1-Weekday-02,0,1,1,1,0,0,0,20221227,20221229
BUS12023-hbc13wk1-Weekday-02,1,1,1,1,0,0,0,20230103,20230309
BUS12023-hbf13011-Weekday-02,1,1,1,1,1,0,0,20230103,20230310
BUS12023-hbg13011-Weekday-02,1,1,1,1,1,0,0,20230103,20230310
BUS12023-hbl13011-Weekday-02,1,1,1,1,1,0,0,20230103,20230310
BUS12023-hbq13011-Weekday-02,1,1,1,1,1,0,0,20230103,20230310
BUS12023-hbs13011-Weekday-02,1,1,1,1,1,0,0,20230103,20230310
BUS12023-hbt13011-Weekday-02,1,1,1,1,1,0,0,20230103,20230310
Boat-EastBoston-SaturdayMarch-Fall-22,0,0,0,0,0,1,0,20230304,20230311
Boat-EastBoston-SundayMarch-Fall-22,0,0,0,0,0,0,1,20230305,20230305
Boat-EastBoston-WeekdayMarch-Fall-22,1,1,1,1,1,0,0,20230301,20230310
Boat-F1-Weekday-Fall-22,1,1,1,1,1,0,0,20221222,20230310
Boat-F4-Saturday-Fall-22,0,0,0,0,0,1,0,20221224,20230311
Boat-F4-Sunday-Fall-22,0,0,0,0,0,0,1,20230108,20230305
Boat-F4-Weekday-Fall-22,1,1,1,1,1,0,0,20221222,20230310
CR-Newburyport-LynnShuttleWinter-Snd,0,0,0,0,0,0,1,20221225,20230305
CR-Newburyport-LynnShuttleWinter-Std,0,0,0,0,0,1,0,20221224,20230311
CR-Newburyport-LynnShuttleWinter-Wkd,1,1,1,1,1,0,0,20221222,20230310
ChristmasDay(Observed)-NwYrsD(),0,0,0,0,0,0,0,20221226,20230102
ChristmasDay-NwYrsD,0,0,0,0,0,0,0,20221225,20230101
FALL 2022-NORTHSAT-Saturday-1,0,0,0,0,0,1,0,20221224,20230311
FALL 2022-NORTHSAT-Saturday-1-S6d,0,0,0,0,0,1,0,20221224,20230311
FALL 2022-NORTHSAT-Saturday-1-S72,0,0,0,0,0,1,0,20221224,20230311
FALL 2022-NORTHSAT-Saturday-1-S9f,0,0,0,0,0,1,0,20221224,20230311
FALL 2022-NORTHSAT-Saturday-61,0,0,0,0,0,0,0,20221231,20221231
FALL 2022-NORTHSAT-Saturday-61-S6d,0,0,0,0,0,0,0,20221231,20221231
FALL 2022-NORTHSAT-Saturday-61-S72,0,0,0,0,0,0,0,20221231,20221231
FALL 2022-NORTHSAT-Saturday-61-S9f,0,0,0,0,0,0,0,20221231,20221231
FALL 2022-NORTHSUN-Sunday-1,0,0,0,0,0,0,1,20221225,20230305
FALL 2022-NORTHSUN-Sunday-1-S6d,0,0,0,0,0,0,1,20221225,20230305
FALL 2022-NORTHSUN-Sunday-1-S72,0,0,0,0,0,0,1,20221225,20230305
FALL 2022-NORTHSUN-Sunday-1-S9f,0,0,0,0,0,0,1,20221225,20230305
FALL 2022-SOUTHSAT-Saturday-1,0,0,0,0,0,1,0,20221224,20230311
FALL 2022-SOUTHSAT-Saturday-1-S86,0,0,0,0,0,1,0,20221224,20230311
FALL 2022-SOUTHSAT-Saturday-1-S8f,0,0,0,0,0,1,0,20221224,20230311
FALL 2022-SOUTHSAT-Saturday-1-Sb4,0,0,0,0,0,1,0,20221224,20230311
FALL 2022-SOUTHSAT-Saturday-1-Sb6,0,0,0,0,0,1,0,20221224,20230311
FALL 2022-SOUTHSAT-Saturday-1-Sc0,0,0,0,0,0,1,0,20221224,20230311
FALL 2022-SOUTHSAT-Saturday-1-Sc5,0,0,0,0,0,1,0,20221224,20230121
FALL 2022-SOUTHSAT-Saturday-16-Sc5,0,0,0,0,0,1,0,20230128,20230311
FALL 2022-SOUTHSAT-Saturday-61,0,0,0,0,0,0,0,20221231,20221231
FALL 2022-SOUTHSAT-Saturday-61-S86,0,0,0,0,0,0,0,20221231,20221231
FALL 2022-SOUTHSAT-Saturday-61-S8f,0,0,0,0,0,0,0,20221231,20221231
FALL 2022-SOUTHSAT-Saturday-61-Sb4,0,0,0,0,0,0,0,20221231,20221231
FALL 2022-SOUTHSAT-Saturday-61-Sb6,0,0,0,0,0,0,0,20221231,20221231
FALL 2022-SOUTHSAT-Saturday-61-Sc0,0,0,0,0,0,0,0,20221231,20221231
FALL 2022-SOUTHSAT-Saturday-61-Sc5,0,0,0,0,0,0,0,20221231,20221231
FALL 2022-SOUTHSUN-Sunday-1,0,0,0,0,0,0,1,20221225,20230305
FALL 2022-SOUTHSUN-Sunday-1-S86,0,0,0,0,0,0,1,20221225,20230305
FALL 2022-SOUTHSUN-Sunday-1-S8f,0,0,0,0,0,0,1,20221225,20230305
FALL 2022-SOUTHSUN-Sunday-1-Sb4,0,0,0,0,0,0,1,20221225,20230305
FALL 2022-SOUTHSUN-Sunday-1-Sb6,0,0,0,0,0,0,1,20221225,20230305
FALL 2022-SOUTHSUN-Sunday-1-Sc0,0,0,0,0,0,0,1,20221225,20230305
FALL 2022-SOUTHSUN-Sunday-1-Sc5,1,0,0,0,0,0,1,20221225,20230108
FALL 2022-SOUTHSUN-Sunday-16-Sc5,0,0,0,0,0,0,1,20230129,20230305
FALL 2022-SOUTHWKD-Weekday-1-Sc5,1,1,1,1,1,0,0,20221222,20230120
FALL 2022-SOUTHWKD-Weekday-16-Sc5,1,1,1,1,1,0,0,20230123,20230310
FlrWkd,1,1,1,1,1,0,0,20221222,20230310
LRV12023-hlb13011-Weekday-01,1,1,1,1,1,0,0,20221222,20230310
LRV12023-hlb13016-Saturday-01,0,0,0,0,0,1,0,20221224,20230311
LRV12023-hlb13017-Sunday-01,0,0,0,0,0,0,1,20230101,20230305
LRV12023-hlb13xm7-Sunday-01,0,0,0,0,0,0,0,20221225,20221225
LRV12023-hlm13011-Weekday-01,1,1,1,1,1,0,0,20221222,20230310
LRV12023-hlm13016-Saturday-01,0,0,0,0,0,1,0,20221224,20230311
LRV12023-hlm13017-Sunday-01,0,0,0,0,0,0,1,20221225,20230305
MartinLutherKingDay-PrsD,0,0,0,0,0,0,0,20230116,20230220
NwYrsEv,0,0,0,0,0,0,0,20221231,20221231
PRIV12023-hpa13011-Weekday-01,1,1,1,1,1,0,0,20221222,20230310
PRIV12023-hpa13016-Saturday-01,0,0,0,0,0,1,0,20221224,20230311
PRIV12023-hpj13011-Weekday-01,1,1,1,1,1,0,0,20221222,20230310
PRIV12023-hpj13016-Saturday-01,0,0,0,0,0,1,0,20221224,20230311
PRIV12023-hpj13017-Sunday-01,0,0,0,0,0,0,1,20221225,20230305
PRIV12023-hpp13011-Weekday-01,1,1,1,1,1,0,0,20230103,20230310
RTL12023-hmb13011-Weekday-01,1,1,1,1,1,0,0,20221222,20230310
RTL12023-hmb13016-Saturday-01,0,0,0,0,0,1,0,20221224,20230311
RTL12023-hmb13017-Sunday-01,0,0,0,0,0,0,1,20221225,20230305
RTL12023-hmo13016-Saturday-01,0,0,0,0,0,0,0,20221224,20221224
RTL12023-hmo13017-Sunday-01,0,0,0,0,0,0,0,20221225,20221225
RTL12023-hmo13ch7-Sunday-01,0,0,0,0,0,0,0,20230102,20230102
RTL12023-hmo13co1-Weekday-01,1,1,1,1,1,0,0,20230103,20230310
RTL12023-hmo13co6-Saturday-01,0,0,0,0,0,1,0,20230107,20230311
RTL12023-hmo13co7-Sunday-01,0,0,0,0,0,0,1,20230101,20230305
RTL12023-hmo13hp1-Weekday-01,1,1,1,1,1,0,0,20221222,20221230
RTL12023-hms13011-Weekday-01,1,1,1,1,1,0,0,20221222,20230310
RTL12023-hms13016-Saturday-01,0,0,0,0,0,1,0,20221224,20230311
RTL12023-hms13017-Sunday-01,0,0,0,0,0,0,1,20221225,20230305
SPRING2022-SOUTHSUN-Sunday-78,0,0,0,0,0,0,0,20221224,20230102
WnrSnd,0,0,0,0,0,0,1,20230108,20230305
WnrStd,0,0,0,0,0,1,0,20221224,20230311
WnrWkd,0,1,1,1,1,0,0,20221227,20221230
