elev_id,stop_id
6,70023
6,place-state
102,70036
102,place-ogmnl
103,70036
103,place-ogmnl
104,70036
104,place-ogmnl
105,70036
105,place-ogmnl
112,70077
112,place-dwnxg
113,70078
113,place-dwnxg
123,13
123,70083
123,place-andrw
124,13
124,70083
124,place-andrw
125,70038
125,place-bomnl
127,875
127,8750
127,10642
127,70001
127,Forest Hills
127,place-forhl
128,875
128,8750
128,10642
128,70001
128,Forest Hills
128,place-forhl
129,875
129,8750
129,10642
129,70001
129,Forest Hills
129,place-forhl
130,875
130,8750
130,10642
130,70001
130,Forest Hills
130,place-forhl
131,70002
131,70003
131,place-grnst
132,70004
132,70005
132,place-sbmnl
133,70006
133,70007
133,place-jaksn
134,70008
134,70009
134,place-rcmnl
135,1226
135,17861
135,17862
135,17863
135,70010
135,70011
135,place-rugg
135,Ruggles
136,1226
136,17861
136,17862
136,17863
136,70010
136,70011
136,place-rugg
136,Ruggles
137,1226
137,17861
137,17862
137,17863
137,70010
137,70011
137,place-rugg
137,Ruggles
138,1226
138,17861
138,17862
138,17863
138,70010
138,70011
138,place-rugg
138,Ruggles
139,187
139,188
139,70012
139,70013
139,place-masta
140,70014
140,70015
140,place-bbsta
141,70014
141,70015
141,place-bbsta
142,Back Bay
142,place-bbsta
143,Back Bay
143,place-bbsta
144,Back Bay
144,place-bbsta
145,70016
145,70017
145,place-tumnl
146,70017
146,place-tumnl
147,70016
147,place-tumnl
148,70017
148,place-tumnl
149,70016
149,place-tumnl
150,70239
150,70240
150,place-prmnl
151,70239
151,place-prmnl
152,70240
152,place-prmnl
301,13
301,70084
301,place-andrw
302,70026
302,70027
302,70205
302,70206
302,place-north
303,70026
303,70027
303,70205
303,70206
303,place-north
304,70026
304,70027
304,70205
304,70206
304,North Station
304,place-north
305,70028
305,70029
305,place-ccmnl
307,70030
307,70031
307,place-sull
308,70030
308,70031
308,place-sull
309,70032
309,place-welln
310,70033
310,place-welln
311,70034
311,70035
311,place-mlmnl
312,Malden Center
312,place-mlmnl
313,8310
313,49701
313,70024
313,70025
313,70203
313,70204
313,place-haecl
315,70153
315,place-hymnl
320,70196
320,70197
320,70198
320,70199
320,70200
320,place-pktrm
322,70085
322,70086
322,place-jfk
325,3125
325,70097
325,70098
325,place-nqncy
326,3125
326,70097
326,70098
326,place-nqncy
327,70097
327,70098
327,place-nqncy
329,70099
329,70100
329,place-wlsta
330,32001
330,32002
330,32003
330,32004
330,32005
330,70101
330,70102
330,place-qnctr
331,70021
331,70077
331,place-dwnxg
332,70021
332,70078
332,place-dwnxg
333,38671
333,70105
333,Braintree
333,place-brntn
334,70105
334,place-brntn
335,70105
335,place-brntn
336,70063
336,70064
336,place-davis
337,70063
337,70064
337,place-davis
338,70063
338,70064
338,place-davis
339,70063
339,70064
339,place-davis
340,70063
340,70064
340,place-davis
341,70063
341,70064
341,place-davis
342,70063
342,70064
342,place-davis
343,70063
343,70064
343,place-davis
344,70103
344,70104
344,place-qamnl
345,70103
345,70104
345,place-qamnl
346,41031
346,70103
346,70104
346,place-qamnl
347,41031
347,70103
347,70104
347,place-qamnl
348,41031
348,70103
348,70104
348,place-qamnl
349,141
349,70061
349,place-alfcl
350,141
350,70061
350,place-alfcl
351,141
351,70061
351,place-alfcl
352,141
352,70061
352,place-alfcl
353,141
353,70061
353,place-alfcl
354,141
354,70061
354,place-alfcl
355,141
355,70061
355,place-alfcl
356,141
356,70061
356,place-alfcl
357,141
357,70061
357,place-alfcl
359,70069
359,70070
359,place-cntsq
360,70069
360,70070
360,place-cntsq
361,70071
361,70072
361,place-knncl
362,70071
362,70072
362,place-knncl
364,70021
364,place-dwnxg
365,70020
365,place-dwnxg
366,70018
366,place-chncl
367,70081
367,70082
367,place-brdwy
372,70081
372,70082
372,place-brdwy
373,70076
373,place-pktrm
374,70023
374,place-state
375,70075
375,place-pktrm
377,70019
377,place-chncl
378,70055
378,place-bmmnl
379,70055
379,place-bmmnl
380,70050
380,place-wimnl
382,70080
382,place-sstat
383,70097
383,70098
383,place-nqncy
384,70026
384,70027
384,70205
384,70206
384,North Station
384,place-north
385,70026
385,70027
385,70205
385,70206
385,North Station
385,place-north
386,70079
386,70080
386,74611
386,74617
386,place-sstat
386,South Station
387,70079
387,70080
387,74611
387,74617
387,place-sstat
387,South Station
388,70079
388,70080
388,74611
388,74617
388,place-sstat
388,South Station
389,70079
389,70080
389,74611
389,74617
389,place-sstat
390,70079
390,70080
390,74611
390,74617
390,place-sstat
391,70026
391,70027
391,70205
391,70206
391,North Station
391,place-north
392,70026
392,70027
392,70205
392,70206
392,North Station
392,place-north
393,70026
393,70027
393,70205
393,70206
393,North Station
393,place-north
394,70044
394,place-aqucl
395,70043
395,place-aqucl
396,70043
396,70044
396,place-aqucl
397,70043
397,70044
397,place-aqucl
398,70079
398,70080
398,74611
398,74617
398,place-sstat
399,70079
399,70080
399,74611
399,74617
399,place-sstat
400,70079
400,place-sstat
401,74613
401,74615
401,place-wtcst
402,74613
402,74615
402,place-wtcst
403,74613
403,74615
403,place-wtcst
404,74613
404,74615
404,place-wtcst
405,70043
405,70044
405,place-aqucl
406,70043
406,70044
406,place-aqucl
407,7096
407,70047
407,70048
407,place-aport
408,7096
408,70047
408,70048
408,place-aport
409,7096
409,70047
409,70048
409,place-aport
410,7096
410,70047
410,70048
410,place-aport
411,74611
411,place-sstat
412,74612
412,74616
412,place-crtst
413,74612
413,74616
413,place-crtst
414,74612
414,74616
414,place-crtst
415,74612
415,74616
415,place-crtst
416,74612
416,74616
416,place-crtst
417,74612
417,74616
417,place-crtst
418,74612
418,74616
418,place-crtst
419,74617
419,place-sstat
420,70080
420,74611
420,74617
420,place-sstat
421,70026
421,70027
421,70205
421,70206
421,North Station
421,place-north
422,70026
422,70027
422,70205
422,70206
422,North Station
422,place-north
423,70087
423,70088
423,place-shmnl
424,6564
424,70079
424,70080
424,74611
424,74617
424,place-sstat
424,South Station
425,70073
425,place-chmnl
426,70074
426,place-chmnl
427,70090
427,place-fldcr
428,5740
428,57400
428,70045
428,70046
428,place-mvbcl
429,5740
429,57400
429,70045
429,70046
429,place-mvbcl
430,899
430,70150
430,70151
430,place-kencl
431,70151
431,place-kencl
432,70150
432,place-kencl
433,5740
433,57400
433,70045
433,70046
433,place-mvbcl
434,5740
434,57400
434,70045
434,70046
434,place-mvbcl
435,70156
435,place-armnl
436,70157
436,place-armnl
437,334
437,397
437,535
437,70093
437,70094
437,place-asmnl
438,334
438,397
438,535
438,70093
438,70094
438,70261
438,70262
438,place-asmnl
439,70155
439,place-coecl
440,5879
440,5880
440,70051
440,70052
440,place-orhte
441,5879
441,5880
441,70051
441,70052
441,place-orhte
442,place-astao
442,70278
442,70279
443,place-astao
443,70278
443,70279
444,place-gover
444,70201
444,70202
444,70039
444,70040
445,place-gover
445,70201
445,70202
445,70039
445,70040
446,place-gover
446,70039
446,70040
501,65
501,70022
501,70023
501,70041
501,70042
501,place-state
502,70022
502,70023
502,70041
502,70042
502,place-state
503,70239
503,70240
503,place-prmnl
504,70065
504,70066
504,place-portr
504,Porter Square
505,70065
505,70066
505,place-portr
505,Porter Square
506,70065
506,70066
506,place-portr
507,70065
507,70066
507,place-portr
509,70065
509,70066
509,place-portr
509,Porter Square
510,70065
510,70066
510,place-portr
510,Porter Square
511,70065
511,70066
511,place-portr
511,Porter Square
512,2076
512,20761
512,70067
512,70068
512,place-harsq
513,2076
513,20761
513,70067
513,70068
513,place-harsq
514,2076
514,20761
514,70067
514,70068
514,place-harsq
515,2076
515,20761
515,70067
515,70068
515,place-harsq
516,2076
516,20761
516,70067
516,70068
516,place-harsq
523,70022
523,place-state
701,15795
701,70060
701,place-wondl
702,15795
702,70060
702,place-wondl
703,15795
703,70060
703,place-wondl
708,15795
708,70060
708,place-wondl
709,15795
709,70060
709,place-wondl
710,15795
710,70060
710,place-wondl
711,15795
711,70060
711,place-wondl
712,5879
712,5880
712,70051
712,70052
712,place-orhte
713,5879
713,5880
713,70051
713,70052
713,place-orhte
714,5879
714,5880
714,70051
714,70052
714,place-orhte
715,5879
715,5880
715,70051
715,70052
715,place-orhte
716,place-astao
716,70278
716,70279
717,place-astao
717,70278
717,70279
718,place-astao
718,70278
718,70279
719,place-astao
719,70278
719,70279
720,place-gover
720,70039
720,70040
720,70201
720,70202
721,place-gover
721,70039
721,70040
721,70201
721,70202
722,place-gover
722,70039
722,70040
723,place-gover
723,70039
723,70040
800,70036
800,place-ogmnl
801,70036
801,place-ogmnl
802,70022
802,70023
802,70042
802,place-state
803,70022
803,place-state
804,70075
804,70076
804,70196
804,70197
804,70198
804,70199
804,70200
804,place-pktrm
805,70103
805,70104
805,place-qamnl
806,70103
806,70104
806,place-qamnl
807,70103
807,70104
807,place-qamnl
808,70075
808,70076
808,place-pktrm
810,70101
810,70102
810,place-qnctr
811,70105
811,place-brntn
812,70196
812,70197
812,70198
812,70199
812,70200
812,place-pktrm
813,70061
813,place-alfcl
814,70061
814,place-alfcl
815,70061
815,place-alfcl
816,70063
816,70064
816,place-davis
817,70063
817,70064
817,place-davis
821,2076
821,20761
821,70067
821,70068
821,place-harsq
823,70196
823,70197
823,70198
823,70199
823,70200
823,place-pktrm
830,70095
830,70096
830,place-jfk
831,70085
831,70086
831,place-jfk
840,70030
840,place-sull
841,Forest Hills
841,place-forhl
842,10642
842,70001
842,place-forhl
843,875
843,8750
843,10642
843,70001
843,Forest Hills
843,place-forhl
844,70002
844,70003
844,place-grnst
845,70004
845,70005
845,place-sbmnl
846,70006
846,70007
846,place-jaksn
847,70008
847,70009
847,place-rcmnl
848,70010
848,70011
848,place-rugg
849,place-rugg
849,Ruggles
850,70010
850,70011
850,place-rugg
851,17861
851,70010
851,70011
851,place-rugg
852,70012
852,70013
852,place-masta
853,70014
853,70015
853,place-bbsta
854,Back Bay
854,place-bbsta
855,Back Bay
855,place-bbsta
856,Back Bay
856,place-bbsta
857,70016
857,70017
857,place-tumnl
858,70017
858,place-tumnl
859,70016
859,place-tumnl
860,70070
860,place-cntsq
861,70069
861,place-cntsq
863,70071
863,place-knncl
864,70033
864,place-welln
865,70032
865,place-welln
866,70072
866,place-knncl
867,70081
867,70082
867,place-brdwy
868,70081
868,70082
868,place-brdwy
869,70078
869,place-dwnxg
870,70077
870,place-dwnxg
871,70101
871,70102
871,place-qnctr
872,13
872,70083
872,70084
872,place-andrw
876,70019
876,place-chncl
879,13
879,70083
879,place-andrw
880,13
880,70084
880,place-andrw
881,70031
881,place-sull
884,70057
884,place-rbmnl
885,70058
885,place-rbmnl
886,70055
886,place-bmmnl
887,70056
887,place-bmmnl
889,70049
889,place-wimnl
890,70050
890,place-wimnl
891,70021
891,place-dwnxg
892,70020
892,place-dwnxg
896,place-qnctr
896,Quincy Center
897,70097
897,70098
897,place-nqncy
898,70097
898,70098
898,place-nqncy
899,70097
899,70098
899,place-nqncy
900,70097
900,70098
900,place-nqncy
901,70079
901,74611
901,74617
901,place-sstat
903,70025
903,place-haecl
904,70024
904,place-haecl
905,70024
905,place-haecl
906,70024
906,70025
906,70203
906,70204
906,place-haecl
907,70025
907,place-haecl
908,70203
908,70204
908,place-haecl
909,70026
909,70027
909,70205
909,70206
909,place-north
910,70027
910,70206
910,place-north
911,70027
911,place-north
912,70026
912,70027
912,70205
912,70206
912,place-north
913,70044
913,place-aqucl
914,70043
914,70044
914,place-aqucl
915,70043
915,70044
915,place-aqucl
917,70239
917,70240
917,place-prmnl
918,70079
918,74611
918,74617
918,place-sstat
919,70080
919,74611
919,74617
919,place-sstat
920,70239
920,place-prmnl
921,70240
921,place-prmnl
922,70018
922,place-chncl
923,70043
923,70044
923,place-aqucl
924,70044
924,place-aqucl
925,70043
925,70044
925,place-aqucl
926,70079
926,70080
926,74611
926,74617
926,place-sstat
927,6564
927,70080
927,74611
927,74617
927,place-sstat
6476,70079
6476,70080
6476,74611
6476,74617
6476,place-sstat
928,Lynn
929,Lynn
930,Lynn
931,70048
931,place-aport
932,70047
932,place-aport
933,70028
933,70029
933,place-ccmnl
934,74613
934,74615
934,place-wtcst
935,74615
935,place-wtcst
936,74613
936,place-wtcst
937,74616
937,place-crtst
938,74612
938,place-crtst
939,74612
939,74616
939,place-crtst
940,74612
940,74616
940,place-crtst
941,70026
941,70027
941,70205
941,70206
941,place-north
944,Malden Center
944,place-mlmnl
945,70034
945,70035
945,place-mlmnl
946,70087
946,70088
946,place-shmnl
947,70087
947,70088
947,place-shmnl
948,70150
948,70151
948,place-kencl
949,70079
949,70080
949,74611
949,74617
949,place-sstat
951,70073
951,place-chmnl
952,70074
952,place-chmnl
953,70092
953,place-smmnl
954,70091
954,place-smmnl
955,70047
955,70048
955,place-aport
956,70047
956,70048
956,place-aport
957,323
957,70090
957,place-fldcr
958,323
958,70089
958,place-fldcr
961,70061
961,place-alfcl
962,70157
962,place-armnl
963,70156
963,place-armnl
964,70156
964,70157
964,place-armnl
965,70045
965,70046
965,place-mvbcl
966,70045
966,70046
966,place-mvbcl
967,70022
967,70023
967,70042
967,place-state
968,70093
968,70094
968,place-asmnl
969,70093
969,70094
969,place-asmnl
970,334
970,397
970,535
970,70093
970,70094
970,70261
970,70262
970,place-asmnl
971,70151
971,place-kencl
972,70150
972,place-kencl
973,2076
973,20761
973,place-harsq
974,70042
974,place-state
975,70042
975,place-state
976,70154
976,place-coecl
977,70155
977,place-coecl
978,70196
978,70197
978,70198
978,70199
978,place-pktrm
979,70075
979,70076
979,70196
979,70197
979,70198
979,70199
979,place-pktrm
980,70208
980,place-spmnl
981,70207
981,place-spmnl
982,place-portr
982,Porter Square
983,70065
983,70066
983,place-portr
985,70065
985,70066
985,place-portr
985,Porter Square
986,place-portr
986,Porter Square
987,70065
987,70066
987,place-portr
50,Framingham
51,Framingham
52,Route 128
53,Route 128
54,Route 128
55,Route 128
