added_route_id,trip_id
116,41928496
117,41928496
116,41928498
117,41928498
116,41928501
117,41928501
116,41928503
117,41928503
116,41928506
117,41928506
116,41928508
117,41928508
116,41928511
117,41928511
116,41928513
117,41928513
116,41928516
117,41928516
116,41928517
117,41928517
116,41928520
117,41928520
116,41928473
117,41928473
116,41928474
117,41928474
116,41928475
117,41928475
116,41928476
117,41928476
116,41928477
117,41928477
116,41928478
117,41928478
116,41928479
117,41928479
116,41928480
117,41928480
116,41928481
117,41928481
116,41928482
117,41928482
116,41928483
117,41928483
116,41928484
117,41928484
214,41952898
216,41952898
214,41952921
216,41952921
214,41952922
216,41952922
214,41952923
216,41952923
214,41952924
216,41952924
214,41952925
216,41952925
214,41952926
216,41952926
214,41952927
216,41952927
214,41952928
216,41952928
214,41952951
216,41952951
214,41952952
216,41952952
214,41952964
216,41952964
214,41952985
216,41952985
214,41950391
216,41950391
214,41950398
216,41950398
214,41950421
216,41950421
214,41950423
216,41950423
214,41950427
216,41950427
214,41950430
216,41950430
214,41950432
216,41950432
214,41950433
216,41950433
214,41950495
216,41950495
214,41950506
216,41950506
214,41950528
216,41950528
214,41950534
216,41950534
214,41950565
216,41950565
214,41950605
216,41950605
214,41950607
216,41950607
214,41950613
216,41950613
214,41950615
216,41950615
214,41950630
216,41950630
214,41950634
216,41950634
214,41950638
216,41950638
214,41950642
216,41950642
214,41950644
216,41950644
214,41950652
216,41950652
214,41950763
216,41950763
214,41950764
216,41950764
214,41950770
216,41950770
214,41950786
216,41950786
214,41950787
216,41950787
214,41950788
216,41950788
214,41950789
216,41950789
214,41950794
216,41950794
214,41950798
216,41950798
214,41950401
216,41950401
214,41950606
216,41950606
214,41950608
216,41950608
214,41950614
216,41950614
214,41950622
216,41950622
214,41950767
216,41950767
214,41950771
216,41950771
214,41950775
216,41950775
214,41950776
216,41950776
214,41950781
216,41950781
214,41950782
216,41950782
214,41950783
216,41950783
214,41950784
216,41950784
214,41950795
216,41950795
214,41951174
216,41951174
214,41951178
216,41951178
214,41951195
216,41951195
214,41951196
216,41951196
214,41951198
216,41951198
214,41951209
216,41951209
214,41951218
216,41951218
214,41951229
216,41951229
214,41951231
216,41951231
214,41951234
216,41951234
214,41951238
216,41951238
214,41951310
216,41951310
214,41951312
216,41951312
214,41951314
216,41951314
214,41951318
216,41951318
214,41951319
216,41951319
214,41951321
216,41951321
214,41951323
216,41951323
214,41951327
216,41951327
214,41951329
216,41951329
214,41951331
216,41951331
214,41951418
216,41951418
214,41951440
216,41951440
214,41951442
216,41951442
24,42123378
27,42123378
24,42123380
27,42123380
24,42123382
27,42123382
24,42123384
27,42123384
24,42123386
27,42123386
24,42123388
27,42123388
24,42141099
27,42141099
24,42141100
27,42141100
24,42141101
27,42141101
24,42141102
27,42141102
24,42141103
27,42141103
24,42141104
27,42141104
24,42141105
27,42141105
24,42141106
27,42141106
24,42141107
27,42141107
24,42141108
27,42141108
24,42141109
27,42141109
24,42141110
27,42141110
24,42141111
27,42141111
24,42141112
27,42141112
24,42141113
27,42141113
24,42141114
27,42141114
24,42141115
27,42141115
24,42141116
27,42141116
24,42141117
27,42141117
24,42141311
27,42141311
24,42141313
27,42141313
24,42141315
27,42141315
24,42141317
27,42141317
24,42141319
27,42141319
24,42141321
27,42141321
24,42141323
27,42141323
24,42127352
27,42127352
24,42127541
27,42127541
24,42127674
27,42127674
24,42127675
27,42127675
24,42127676
27,42127676
24,42127677
27,42127677
24,42127678
27,42127678
24,42127679
27,42127679
24,42127680
27,42127680
24,42127681
27,42127681
24,42127682
27,42127682
24,42127683
27,42127683
24,42123377
27,42123377
24,42123379
27,42123379
24,42123381
27,42123381
24,42123383
27,42123383
24,42123385
27,42123385
24,42123387
27,42123387
24,42141077
27,42141077
24,42141078
27,42141078
24,42141079
27,42141079
24,42141080
27,42141080
24,42141081
27,42141081
24,42141082
27,42141082
24,42141083
27,42141083
24,42141084
27,42141084
24,42141085
27,42141085
24,42141086
27,42141086
24,42141087
27,42141087
24,42141088
27,42141088
24,42141090
27,42141090
24,42141091
27,42141091
24,42141092
27,42141092
24,42141093
27,42141093
24,42141094
27,42141094
24,42141095
27,42141095
24,42141096
27,42141096
24,42141097
27,42141097
24,42141312
27,42141312
24,42141314
27,42141314
24,42141316
27,42141316
24,42141318
27,42141318
24,42141320
27,42141320
24,42141322
27,42141322
24,42141098
27,42141098
24,42127391
27,42127391
24,42127663
27,42127663
24,42127664
27,42127664
24,42127665
27,42127665
24,42127666
27,42127666
24,42127667
27,42127667
24,42127668
27,42127668
24,42127669
27,42127669
24,42127670
27,42127670
24,42127671
27,42127671
24,42127672
27,42127672
24,42127673
27,42127673
32,42122778
33,42122778
32,42122805
33,42122805
32,42141900
33,42141900
37,42140824
38,42140824
37,42140835
38,42140835
37,42140854
38,42140854
37,42140271
38,42140271
37,42140842
38,42140842
37,42140863
38,42140863
40,42124121
50,42124121
40,42124132
50,42124132
40,42141203
50,42141203
40,42141204
50,42141204
40,42141206
50,42141206
40,42141209
50,42141209
40,42127526
50,42127526
40,42127527
50,42127527
40,42127528
50,42127528
40,42127529
50,42127529
40,42127530
50,42127530
40,42127531
50,42127531
40,42127532
50,42127532
40,42127533
50,42127533
40,42124102
50,42124102
40,42124105
50,42124105
40,42141205
50,42141205
40,42141207
50,42141207
40,42141208
50,42141208
40,42141210
50,42141210
40,42127525
50,42127525
40,42127534
50,42127534
40,42127535
50,42127535
40,42127536
50,42127536
40,42127537
50,42127537
40,42127538
50,42127538
40,42127539
50,42127539
40,42127540
50,42127540
441,41928327
442,41928327
441,41928330
442,41928330
441,41928338
442,41928338
441,41928339
442,41928339
441,41928348
442,41928348
441,41928356
442,41928356
441,41928361
442,41928361
441,41928366
442,41928366
441,41928373
442,41928373
441,41928377
442,41928377
441,41928378
442,41928378
441,41928382
442,41928382
441,41928383
442,41928383
441,41928385
442,41928385
441,41928388
442,41928388
441,41928394
442,41928394
441,41928395
442,41928395
441,41928402
442,41928402
441,41928409
442,41928409
441,41928414
442,41928414
441,41928422
442,41928422
441,41928432
442,41928432
441,41928442
442,41928442
441,41928446
442,41928446
441,41928451
442,41928451
441,41928333
442,41928333
441,41928345
442,41928345
441,41928350
442,41928350
441,41928352
442,41928352
441,41928354
442,41928354
441,41928358
442,41928358
441,41928359
442,41928359
441,41928362
442,41928362
441,41928368
442,41928368
441,41928370
442,41928370
441,41928372
442,41928372
441,41928374
442,41928374
441,41928386
442,41928386
441,41928389
442,41928389
441,41928393
442,41928393
441,41928399
442,41928399
441,41928405
442,41928405
441,41928407
442,41928407
441,41928408
442,41928408
441,41928411
442,41928411
441,41928412
442,41928412
441,41928415
442,41928415
441,41928419
442,41928419
441,41928427
442,41928427
441,41928440
442,41928440
441,41928445
442,41928445
441,41928449
442,41928449
62,41754084
76,41754084
62,41754086
76,41754086
62,41754088
76,41754088
62,41754090
76,41754090
62,41754092
76,41754092
62,41754094
76,41754094
62,41754096
76,41754096
62,41754098
76,41754098
62,41754100
76,41754100
62,41754102
76,41754102
62,41754104
76,41754104
62,41754106
76,41754106
62,41754085
76,41754085
62,41754087
76,41754087
62,41754089
76,41754089
62,41754091
76,41754091
62,41754093
76,41754093
62,41754095
76,41754095
62,41754097
76,41754097
62,41754099
76,41754099
62,41754101
76,41754101
62,41754103
76,41754103
62,41754105
76,41754105
62,41754107
76,41754107
72,41754151
75,41754151
72,41754664
75,41754664
72,41754667
75,41754667
72,41754669
75,41754669
72,41754671
75,41754671
72,41754673
75,41754673
72,41754675
75,41754675
72,41754677
75,41754677
72,41754679
75,41754679
72,41755134
75,41755134
72,41755747
75,41755747
72,41755749
75,41755749
72,41755751
75,41755751
72,41755753
75,41755753
72,41755755
75,41755755
72,41755757
75,41755757
72,41755759
75,41755759
72,41755761
75,41755761
72,41755763
75,41755763
72,41755765
75,41755765
72,41755767
75,41755767
72,41755769
75,41755769
72,41755771
75,41755771
72,41755773
75,41755773
72,41755775
75,41755775
72,41755777
75,41755777
72,41755779
75,41755779
72,41755781
75,41755781
72,41755783
75,41755783
72,41755785
75,41755785
72,41755787
75,41755787
72,41754152
75,41754152
72,41754666
75,41754666
72,41754668
75,41754668
72,41754670
75,41754670
72,41754672
75,41754672
72,41754674
75,41754674
72,41754676
75,41754676
72,41754678
75,41754678
72,41754680
75,41754680
72,41755135
75,41755135
72,41755746
75,41755746
72,41755748
75,41755748
72,41755750
75,41755750
72,41755752
75,41755752
72,41755754
75,41755754
72,41755756
75,41755756
72,41755758
75,41755758
72,41755760
75,41755760
72,41755762
75,41755762
72,41755764
75,41755764
72,41755766
75,41755766
72,41755768
75,41755768
72,41755770
75,41755770
72,41755772
75,41755772
72,41755774
75,41755774
72,41755776
75,41755776
72,41755778
75,41755778
72,41755780
75,41755780
72,41755782
75,41755782
72,41755784
75,41755784
72,41755786
75,41755786
741,42253142
742,42253142
743,42253142
741,42253143
742,42253143
743,42253143
741,42253144
742,42253144
743,42253144
741,42253145
742,42253145
743,42253145
741,42253146
742,42253146
743,42253146
741,42253147
742,42253147
743,42253147
741,42253148
742,42253148
743,42253148
741,42253167
742,42253167
743,42253167
741,42253168
742,42253168
743,42253168
741,42253169
742,42253169
743,42253169
741,42253170
742,42253170
743,42253170
741,42253171
742,42253171
743,42253171
741,42253172
742,42253172
743,42253172
741,42253173
742,42253173
743,42253173
741,42253174
742,42253174
743,42253174
741,42253175
742,42253175
743,42253175
741,42253176
742,42253176
743,42253176
741,42253177
742,42253177
743,42253177
741,42253178
742,42253178
743,42253178
741,42253179
742,42253179
743,42253179
741,42253180
742,42253180
743,42253180
741,42253181
742,42253181
743,42253181
741,42253182
742,42253182
743,42253182
741,42253193
742,42253193
743,42253193
741,42253194
742,42253194
743,42253194
741,42253195
742,42253195
743,42253195
741,42253196
742,42253196
743,42253196
741,42253197
742,42253197
743,42253197
741,42253198
742,42253198
743,42253198
741,42253199
742,42253199
743,42253199
741,42253210
742,42253210
743,42253210
741,42253211
742,42253211
743,42253211
741,42253212
742,42253212
743,42253212
741,42253213
742,42253213
743,42253213
741,42253214
742,42253214
743,42253214
741,42253215
742,42253215
743,42253215
741,42253216
742,42253216
743,42253216
741,42253217
742,42253217
743,42253217
741,42253218
742,42253218
743,42253218
741,42253222
742,42253222
743,42253222
741,42253223
742,42253223
743,42253223
741,42253233
742,42253233
743,42253233
741,42253234
742,42253234
743,42253234
741,42253235
742,42253235
743,42253235
741,42253236
742,42253236
743,42253236
741,42253237
742,42253237
743,42253237
741,42253238
742,42253238
743,42253238
741,42253239
742,42253239
743,42253239
741,42253240
742,42253240
743,42253240
741,42253241
742,42253241
743,42253241
741,42253268
742,42253268
743,42253268
741,42253287
742,42253287
743,42253287
741,42253315
742,42253315
743,42253315
741,42253380
742,42253380
743,42253380
741,42253399
742,42253399
743,42253399
741,42253415
742,42253415
743,42253415
741,42253418
742,42253418
743,42253418
741,42253445
742,42253445
743,42253445
741,42253448
742,42253448
743,42253448
741,42253487
742,42253487
743,42253487
741,42253491
742,42253491
743,42253491
741,42253698
742,42253698
743,42253698
741,42253750
742,42253750
743,42253750
741,42253759
742,42253759
743,42253759
741,42253894
742,42253894
743,42253894
741,42253917
742,42253917
743,42253917
741,42253945
742,42253945
743,42253945
741,42253983
742,42253983
743,42253983
741,42253999
742,42253999
743,42253999
741,42254059
742,42254059
743,42254059
741,42254110
742,42254110
743,42254110
741,42254679
742,42254679
743,42254679
741,42254969
742,42254969
743,42254969
741,42255151
742,42255151
743,42255151
741,42255152
742,42255152
743,42255152
741,42255153
742,42255153
743,42255153
741,42255154
742,42255154
743,42255154
741,42255155
742,42255155
743,42255155
741,42255156
742,42255156
743,42255156
741,42255157
742,42255157
743,42255157
741,42255158
742,42255158
743,42255158
741,42255159
742,42255159
743,42255159
741,42255160
742,42255160
743,42255160
741,42255161
742,42255161
743,42255161
741,42255162
742,42255162
743,42255162
741,42255163
742,42255163
743,42255163
741,42255164
742,42255164
743,42255164
741,42255165
742,42255165
743,42255165
741,42255166
742,42255166
743,42255166
741,42255167
742,42255167
743,42255167
741,42255261
742,42255261
743,42255261
741,42255309
742,42255309
743,42255309
741,42255332
742,42255332
743,42255332
741,42255360
742,42255360
743,42255360
741,42255399
742,42255399
743,42255399
741,42255494
742,42255494
743,42255494
741,42255515
742,42255515
743,42255515
741,42255635
742,42255635
743,42255635
741,42255639
742,42255639
743,42255639
741,42255640
742,42255640
743,42255640
741,42255643
742,42255643
743,42255643
741,42255644
742,42255644
743,42255644
741,42255651
742,42255651
743,42255651
741,42255669
742,42255669
743,42255669
741,42256037
742,42256037
743,42256037
741,42256039
742,42256039
743,42256039
741,42256040
742,42256040
743,42256040
741,42256613
742,42256613
743,42256613
741,42256614
742,42256614
743,42256614
741,42256615
742,42256615
743,42256615
741,42256616
742,42256616
743,42256616
741,42256617
742,42256617
743,42256617
741,42256618
742,42256618
743,42256618
741,42256619
742,42256619
743,42256619
741,42256628
742,42256628
743,42256628
741,42256629
742,42256629
743,42256629
741,42256630
742,42256630
743,42256630
741,42256634
742,42256634
743,42256634
741,42256635
742,42256635
743,42256635
741,42256636
742,42256636
743,42256636
741,42256637
742,42256637
743,42256637
741,42256642
742,42256642
743,42256642
741,42256690
742,42256690
743,42256690
741,42256823
742,42256823
743,42256823
741,42256825
742,42256825
743,42256825
741,42256827
742,42256827
743,42256827
741,42256829
742,42256829
743,42256829
741,42256870
742,42256870
743,42256870
741,42256871
742,42256871
743,42256871
741,42256873
742,42256873
743,42256873
741,42256875
742,42256875
743,42256875
741,42256906
742,42256906
743,42256906
741,42256978
742,42256978
743,42256978
741,42256979
742,42256979
743,42256979
741,42257042
742,42257042
743,42257042
741,42257043
742,42257043
743,42257043
741,42257045
742,42257045
743,42257045
741,42257047
742,42257047
743,42257047
741,42253135
742,42253135
743,42253135
741,42253136
742,42253136
743,42253136
741,42253137
742,42253137
743,42253137
741,42253138
742,42253138
743,42253138
741,42253139
742,42253139
743,42253139
741,42253140
742,42253140
743,42253140
741,42253141
742,42253141
743,42253141
741,42253151
742,42253151
743,42253151
741,42253152
742,42253152
743,42253152
741,42253153
742,42253153
743,42253153
741,42253154
742,42253154
743,42253154
741,42253155
742,42253155
743,42253155
741,42253156
742,42253156
743,42253156
741,42253157
742,42253157
743,42253157
741,42253158
742,42253158
743,42253158
741,42253159
742,42253159
743,42253159
741,42253160
742,42253160
743,42253160
741,42253161
742,42253161
743,42253161
741,42253162
742,42253162
743,42253162
741,42253163
742,42253163
743,42253163
741,42253164
742,42253164
743,42253164
741,42253165
742,42253165
743,42253165
741,42253166
742,42253166
743,42253166
741,42253187
742,42253187
743,42253187
741,42253188
742,42253188
743,42253188
741,42253189
742,42253189
743,42253189
741,42253190
742,42253190
743,42253190
741,42253191
742,42253191
743,42253191
741,42253192
742,42253192
743,42253192
741,42253201
742,42253201
743,42253201
741,42253202
742,42253202
743,42253202
741,42253203
742,42253203
743,42253203
741,42253204
742,42253204
743,42253204
741,42253205
742,42253205
743,42253205
741,42253206
742,42253206
743,42253206
741,42253207
742,42253207
743,42253207
741,42253208
742,42253208
743,42253208
741,42253209
742,42253209
743,42253209
741,42253220
742,42253220
743,42253220
741,42253221
742,42253221
743,42253221
741,42253224
742,42253224
743,42253224
741,42253225
742,42253225
743,42253225
741,42253226
742,42253226
743,42253226
741,42253227
742,42253227
743,42253227
741,42253228
742,42253228
743,42253228
741,42253229
742,42253229
743,42253229
741,42253230
742,42253230
743,42253230
741,42253231
742,42253231
743,42253231
741,42253232
742,42253232
743,42253232
741,42253243
742,42253243
743,42253243
741,42253257
742,42253257
743,42253257
741,42253269
742,42253269
743,42253269
741,42253286
742,42253286
743,42253286
741,42253312
742,42253312
743,42253312
741,42253336
742,42253336
743,42253336
741,42253339
742,42253339
743,42253339
741,42253381
742,42253381
743,42253381
741,42253398
742,42253398
743,42253398
741,42253414
742,42253414
743,42253414
741,42253429
742,42253429
743,42253429
741,42253444
742,42253444
743,42253444
741,42253449
742,42253449
743,42253449
741,42253486
742,42253486
743,42253486
741,42253490
742,42253490
743,42253490
741,42253513
742,42253513
743,42253513
741,42253626
742,42253626
743,42253626
741,42253644
742,42253644
743,42253644
741,42253671
742,42253671
743,42253671
741,42253716
742,42253716
743,42253716
741,42253758
742,42253758
743,42253758
741,42253760
742,42253760
743,42253760
741,42253815
742,42253815
743,42253815
741,42253852
742,42253852
743,42253852
741,42253879
742,42253879
743,42253879
741,42253895
742,42253895
743,42253895
741,42253898
742,42253898
743,42253898
741,42253944
742,42253944
743,42253944
741,42253982
742,42253982
743,42253982
741,42254033
742,42254033
743,42254033
741,42254037
742,42254037
743,42254037
741,42254090
742,42254090
743,42254090
741,42254094
742,42254094
743,42254094
741,42254361
742,42254361
743,42254361
741,42254678
742,42254678
743,42254678
741,42254970
742,42254970
743,42254970
741,42255134
742,42255134
743,42255134
741,42255135
742,42255135
743,42255135
741,42255136
742,42255136
743,42255136
741,42255137
742,42255137
743,42255137
741,42255138
742,42255138
743,42255138
741,42255139
742,42255139
743,42255139
741,42255140
742,42255140
743,42255140
741,42255141
742,42255141
743,42255141
741,42255142
742,42255142
743,42255142
741,42255143
742,42255143
743,42255143
741,42255144
742,42255144
743,42255144
741,42255145
742,42255145
743,42255145
741,42255146
742,42255146
743,42255146
741,42255147
742,42255147
743,42255147
741,42255148
742,42255148
743,42255148
741,42255149
742,42255149
743,42255149
741,42255150
742,42255150
743,42255150
741,42255215
742,42255215
743,42255215
741,42255232
742,42255232
743,42255232
741,42255288
742,42255288
743,42255288
741,42255310
742,42255310
743,42255310
741,42255358
742,42255358
743,42255358
741,42255395
742,42255395
743,42255395
741,42255432
742,42255432
743,42255432
741,42255587
742,42255587
743,42255587
741,42255590
742,42255590
743,42255590
741,42255592
742,42255592
743,42255592
741,42255594
742,42255594
743,42255594
741,42255595
742,42255595
743,42255595
741,42255630
742,42255630
743,42255630
741,42255636
742,42255636
743,42255636
741,42255637
742,42255637
743,42255637
741,42255641
742,42255641
743,42255641
741,42255642
742,42255642
743,42255642
741,42255647
742,42255647
743,42255647
741,42255656
742,42255656
743,42255656
741,42255850
742,42255850
743,42255850
741,42255851
742,42255851
743,42255851
741,42256038
742,42256038
743,42256038
741,42256041
742,42256041
743,42256041
741,42256340
742,42256340
743,42256340
741,42256620
742,42256620
743,42256620
741,42256621
742,42256621
743,42256621
741,42256622
742,42256622
743,42256622
741,42256623
742,42256623
743,42256623
741,42256624
742,42256624
743,42256624
741,42256625
742,42256625
743,42256625
741,42256626
742,42256626
743,42256626
741,42256627
742,42256627
743,42256627
741,42256631
742,42256631
743,42256631
741,42256632
742,42256632
743,42256632
741,42256633
742,42256633
743,42256633
741,42256638
742,42256638
743,42256638
741,42256639
742,42256639
743,42256639
741,42256640
742,42256640
743,42256640
741,42256641
742,42256641
743,42256641
741,42256691
742,42256691
743,42256691
741,42256824
742,42256824
743,42256824
741,42256826
742,42256826
743,42256826
741,42256828
742,42256828
743,42256828
741,42256830
742,42256830
743,42256830
741,42256869
742,42256869
743,42256869
741,42256872
742,42256872
743,42256872
741,42256874
742,42256874
743,42256874
741,42256876
742,42256876
743,42256876
741,42256884
742,42256884
743,42256884
741,42256940
742,42256940
743,42256940
741,42257001
742,42257001
743,42257001
741,42257004
742,42257004
743,42257004
741,42257006
742,42257006
743,42257006
741,42257007
742,42257007
743,42257007
741,42257021
742,42257021
743,42257021
741,42257022
742,42257022
743,42257022
741,42257044
742,42257044
743,42257044
741,42257046
742,42257046
743,42257046
89,42045445
93,42045445
89,42198895
93,42198895
89,42043285
93,42043285
89,42045444
93,42045444
CR-Haverhill,CR-Weekday-Fall-19-208
CR-Lowell,CR-Weekday-Fall-19-208
CR-Haverhill,CR-Weekday-Fall-19-221
CR-Lowell,CR-Weekday-Fall-19-221
CR-Fairmount,CR-Weekday-Fall-19-726
CR-Franklin,CR-Weekday-Fall-19-726
CR-Fairmount,CR-Weekday-Fall-19-740
CR-Franklin,CR-Weekday-Fall-19-740
CR-Fairmount,CR-Weekday-Fall-19-741
CR-Franklin,CR-Weekday-Fall-19-741
CR-Franklin,CR-Weekday-Fall-19-743
CR-Fairmount,CR-Weekday-Fall-19-743
CR-Fairmount,CR-Weekday-Fall-19-746
CR-Franklin,CR-Weekday-Fall-19-746
CR-Franklin,CR-Weekday-Fall-19-747
CR-Fairmount,CR-Weekday-Fall-19-747
CR-Fairmount,CR-Weekday-Fall-19-748
CR-Franklin,CR-Weekday-Fall-19-748
CR-Franklin,CR-Weekday-Fall-19-749
CR-Fairmount,CR-Weekday-Fall-19-749
CR-Fairmount,CR-Weekday-Fall-19-750
CR-Franklin,CR-Weekday-Fall-19-750
CR-Franklin,CR-Weekday-Fall-19-754
CR-Fairmount,CR-Weekday-Fall-19-754
CR-Fairmount,CR-Weekday-Fall-19-755
CR-Franklin,CR-Weekday-Fall-19-755
CR-Fairmount,CR-Weekday-Fall-19-757
CR-Franklin,CR-Weekday-Fall-19-757
CR-Franklin,CR-Weekday-Fall-19-758
CR-Fairmount,CR-Weekday-Fall-19-758
CR-Franklin,CR-Weekday-Fall-19-759
CR-Fairmount,CR-Weekday-Fall-19-759
Green-D,39988545-20:45-NewtonHighlandsRiverside1
Green-D,39989643-20:45-NewtonHighlandsRiverside1
Green-D,39989678-20:45-NewtonHighlandsRiverside1
Green-D,39989679-20:45-NewtonHighlandsRiverside1
Green-D,39989680-20:45-NewtonHighlandsRiverside1
Green-D,39989681-20:45-NewtonHighlandsRiverside1
Green-D,39989682-20:45-NewtonHighlandsRiverside1
Green-D,39989683-20:45-NewtonHighlandsRiverside1
Green-D,39989684-20:45-NewtonHighlandsRiverside1
Green-D,39989685-20:45-NewtonHighlandsRiverside1
Green-D,39989686-20:45-NewtonHighlandsRiverside1
Green-D,39989687-20:45-NewtonHighlandsRiverside1
Green-D,39989688-20:45-NewtonHighlandsRiverside1
Green-D,39989689-20:45-NewtonHighlandsRiverside1
Green-D,39989690-20:45-NewtonHighlandsRiverside1
Green-D,39989691-20:45-NewtonHighlandsRiverside1
Green-D,39989692-20:45-NewtonHighlandsRiverside1
Green-D,39989693-20:45-NewtonHighlandsRiverside1
Green-D,39989694-20:45-NewtonHighlandsRiverside1
Green-D,39989705-20:45-NewtonHighlandsRiverside1
Green-D,39989706-20:45-NewtonHighlandsRiverside1
Green-D,39989707-20:45-NewtonHighlandsRiverside1
Green-D,39989708-20:45-NewtonHighlandsRiverside1
Green-D,39989709-20:45-NewtonHighlandsRiverside1
Green-D,39989659-20:45-NewtonHighlandsRiverside1
Green-D,39989660-20:45-NewtonHighlandsRiverside1
Green-D,39989661-20:45-NewtonHighlandsRiverside1
Green-D,39989662-20:45-NewtonHighlandsRiverside1
Green-D,39989663-20:45-NewtonHighlandsRiverside1
Green-D,39989664-20:45-NewtonHighlandsRiverside1
Green-D,39989665-20:45-NewtonHighlandsRiverside1
Green-D,39989666-20:45-NewtonHighlandsRiverside1
Green-D,39989667-20:45-NewtonHighlandsRiverside1
Green-D,39989668-20:45-NewtonHighlandsRiverside1
Green-D,39989669-20:45-NewtonHighlandsRiverside1
Green-D,39989670-20:45-NewtonHighlandsRiverside1
Green-D,39989671-20:45-NewtonHighlandsRiverside1
Green-D,39989672-20:45-NewtonHighlandsRiverside1
Green-D,39989673-20:45-NewtonHighlandsRiverside1
Green-D,39989674-20:45-NewtonHighlandsRiverside1
Green-D,39989675-20:45-NewtonHighlandsRiverside1
Green-D,39989676-20:45-NewtonHighlandsRiverside1
Green-D,39989677-20:45-NewtonHighlandsRiverside1
Green-D,41839097-20:45-NewtonHighlandsKenmore1
Green-D,41839100-20:45-NewtonHighlandsKenmore1
Green-D,41839101-20:45-NewtonHighlandsKenmore1
Green-D,41839102-20:45-NewtonHighlandsKenmore1
Green-D,41839103-20:45-NewtonHighlandsKenmore1
Green-D,41839104-20:45-NewtonHighlandsKenmore1
Green-D,41839105-20:45-NewtonHighlandsKenmore1
Green-D,41839106-20:45-NewtonHighlandsKenmore1
Green-D,41839107-20:45-NewtonHighlandsKenmore1
Green-D,41839108-20:45-NewtonHighlandsKenmore1
Green-D,41839109-20:45-NewtonHighlandsKenmore1
Green-D,41839110-20:45-NewtonHighlandsKenmore1
Green-D,41839111-20:45-NewtonHighlandsKenmore1
Green-D,41839112-20:45-NewtonHighlandsKenmore1
Green-D,41839113-20:45-NewtonHighlandsKenmore1
Green-D,41839114-20:45-NewtonHighlandsKenmore1
Green-D,41839115-20:45-NewtonHighlandsKenmore1
Green-D,41839116-20:45-NewtonHighlandsKenmore1
Green-D,41839117-20:45-NewtonHighlandsKenmore1
Green-D,41839123-20:45-NewtonHighlandsKenmore1
Green-D,41839126-20:45-NewtonHighlandsKenmore1
Green-D,41839127-20:45-NewtonHighlandsKenmore1
Green-D,41839128-20:45-NewtonHighlandsKenmore1
Green-D,41839139-20:45-NewtonHighlandsKenmore1
Green-D,41839140-20:45-NewtonHighlandsKenmore1
Green-D,41839142-20:45-NewtonHighlandsKenmore1
Green-D,41839143-20:45-NewtonHighlandsKenmore1
Green-D,41839078-20:45-NewtonHighlandsKenmore1
Green-D,41839079-20:45-NewtonHighlandsKenmore1
Green-D,41839080-20:45-NewtonHighlandsKenmore1
Green-D,41839081-20:45-NewtonHighlandsKenmore1
Green-D,41839082-20:45-NewtonHighlandsKenmore1
Green-D,41839083-20:45-NewtonHighlandsKenmore1
Green-D,41839084-20:45-NewtonHighlandsKenmore1
Green-D,41839085-20:45-NewtonHighlandsKenmore1
Green-D,41839086-20:45-NewtonHighlandsKenmore1
Green-D,41839087-20:45-NewtonHighlandsKenmore1
Green-D,41839088-20:45-NewtonHighlandsKenmore1
Green-D,41839089-20:45-NewtonHighlandsKenmore1
Green-D,41839090-20:45-NewtonHighlandsKenmore1
Green-D,41839091-20:45-NewtonHighlandsKenmore1
Green-D,41839092-20:45-NewtonHighlandsKenmore1
Green-D,41839093-20:45-NewtonHighlandsKenmore1
Green-D,41839094-20:45-NewtonHighlandsKenmore1
Green-D,41839095-20:45-NewtonHighlandsKenmore1
Green-D,41839096-20:45-NewtonHighlandsKenmore1
Green-D,41839136-20:45-NewtonHighlandsKenmore1
Green-D,41840225-NewtonHighlandsKenmoreW1
Green-D,41840236-NewtonHighlandsKenmoreW1
Green-D,41841125-NewtonHighlandsKenmoreW1
Green-D,41841126-NewtonHighlandsKenmoreW1
Green-D,41841127-NewtonHighlandsKenmoreW1
Green-D,41841128-NewtonHighlandsKenmoreW1
Green-D,41841129-NewtonHighlandsKenmoreW1
Green-D,41841130-NewtonHighlandsKenmoreW1
Green-D,41841131-NewtonHighlandsKenmoreW1
Green-D,41841132-NewtonHighlandsKenmoreW1
Green-D,41841139-NewtonHighlandsKenmoreW1
Green-D,41841140-NewtonHighlandsKenmoreW1
Green-D,41841141-NewtonHighlandsKenmoreW1
Green-D,41841142-NewtonHighlandsKenmoreW1
Green-D,41841143-NewtonHighlandsKenmoreW1
Green-D,41841150-NewtonHighlandsKenmoreW1
Green-D,41841151-NewtonHighlandsKenmoreW1
Green-D,41841152-NewtonHighlandsKenmoreW1
Green-D,41841153-NewtonHighlandsKenmoreW1
Green-D,41841154-NewtonHighlandsKenmoreW1
Green-D,41841155-NewtonHighlandsKenmoreW1
Green-D,41841156-NewtonHighlandsKenmoreW1
Green-D,41841157-NewtonHighlandsKenmoreW1
Green-D,41841158-NewtonHighlandsKenmoreW1
Green-D,41841159-NewtonHighlandsKenmoreW1
Green-D,41841160-NewtonHighlandsKenmoreW1
Green-D,41841161-NewtonHighlandsKenmoreW1
Green-D,41841181-NewtonHighlandsKenmoreW1
Green-D,41841183-NewtonHighlandsKenmoreW1
Green-D,41841205-NewtonHighlandsKenmoreW1
Green-D,41841216-NewtonHighlandsKenmoreW1
Green-D,41841217-NewtonHighlandsKenmoreW1
Green-D,41841220-NewtonHighlandsKenmoreW1
Green-D,41841221-NewtonHighlandsKenmoreW1
Green-D,41841222-NewtonHighlandsKenmoreW1
Green-D,41841227-NewtonHighlandsKenmoreW1
Green-D,41841228-NewtonHighlandsKenmoreW1
Green-D,41841230-NewtonHighlandsKenmoreW1
Green-D,41841231-NewtonHighlandsKenmoreW1
Green-D,41841233-NewtonHighlandsKenmoreW1
Green-D,41841234-NewtonHighlandsKenmoreW1
Green-D,41841235-NewtonHighlandsKenmoreW1
Green-D,41841236-NewtonHighlandsKenmoreW1
Green-D,41841237-NewtonHighlandsKenmoreW1
Green-D,41841238-NewtonHighlandsKenmoreW1
Green-D,41841239-NewtonHighlandsKenmoreW1
Green-D,41841240-NewtonHighlandsKenmoreW1
Green-D,41841241-NewtonHighlandsKenmoreW1
Green-D,41841242-NewtonHighlandsKenmoreW1
Green-D,41841244-NewtonHighlandsKenmoreW1
Green-D,41841245-NewtonHighlandsKenmoreW1
Green-D,41841246-NewtonHighlandsKenmoreW1
Green-D,41841248-NewtonHighlandsKenmoreW1
Green-D,41841249-NewtonHighlandsKenmoreW1
Green-D,41841262-NewtonHighlandsKenmoreW1
Green-D,41841263-NewtonHighlandsKenmoreW1
Green-D,41841264-NewtonHighlandsKenmoreW1
Green-D,41841265-NewtonHighlandsKenmoreW1
Green-D,41841266-NewtonHighlandsKenmoreW1
Green-D,41841268-NewtonHighlandsKenmoreW1
Green-D,41841270-NewtonHighlandsKenmoreW1
Green-D,41841271-NewtonHighlandsKenmoreW1
Green-D,41841272-NewtonHighlandsKenmoreW1
Green-D,41841273-NewtonHighlandsKenmoreW1
Green-D,41841274-NewtonHighlandsKenmoreW1
Green-D,41841275-NewtonHighlandsKenmoreW1
Green-D,41841284-NewtonHighlandsKenmoreW1
Green-D,41841285-NewtonHighlandsKenmoreW1
Green-D,41841286-NewtonHighlandsKenmoreW1
Green-D,41841288-NewtonHighlandsKenmoreW1
Green-D,41841289-NewtonHighlandsKenmoreW1
Green-D,41841290-NewtonHighlandsKenmoreW1
Green-D,41841291-NewtonHighlandsKenmoreW1
Green-D,41841292-NewtonHighlandsKenmoreW1
Green-D,41841293-NewtonHighlandsKenmoreW1
Green-D,41841294-NewtonHighlandsKenmoreW1
Green-D,41841295-NewtonHighlandsKenmoreW1
Green-D,41841297-NewtonHighlandsKenmoreW1
Green-D,41841298-NewtonHighlandsKenmoreW1
Green-D,41841299-NewtonHighlandsKenmoreW1
Green-D,41841300-NewtonHighlandsKenmoreW1
Green-D,41841303-NewtonHighlandsKenmoreW1
Green-D,41841313-NewtonHighlandsKenmoreW1
Green-D,41841314-NewtonHighlandsKenmoreW1
Green-D,41841315-NewtonHighlandsKenmoreW1
Green-D,41841316-NewtonHighlandsKenmoreW1
Green-D,41841317-NewtonHighlandsKenmoreW1
Green-D,41841318-NewtonHighlandsKenmoreW1
Green-D,41841320-NewtonHighlandsKenmoreW1
Green-D,41841321-NewtonHighlandsKenmoreW1
Green-D,41841322-NewtonHighlandsKenmoreW1
Green-D,41841323-NewtonHighlandsKenmoreW1
Green-D,41841324-NewtonHighlandsKenmoreW1
Green-D,41841325-NewtonHighlandsKenmoreW1
Green-D,41841326-NewtonHighlandsKenmoreW1
Green-D,41841338-NewtonHighlandsKenmoreW1
Green-D,41841339-NewtonHighlandsKenmoreW1
Green-D,41841340-NewtonHighlandsKenmoreW1
Green-D,41841341-NewtonHighlandsKenmoreW1
Green-D,41841342-NewtonHighlandsKenmoreW1
Green-D,41841343-NewtonHighlandsKenmoreW1
Green-D,41841344-NewtonHighlandsKenmoreW1
Green-D,41841345-NewtonHighlandsKenmoreW1
Green-D,41841346-NewtonHighlandsKenmoreW1
Green-D,41841347-NewtonHighlandsKenmoreW1
Green-D,41841348-NewtonHighlandsKenmoreW1
Green-D,41841349-NewtonHighlandsKenmoreW1
Green-D,41841350-NewtonHighlandsKenmoreW1
Green-D,41841351-NewtonHighlandsKenmoreW1
Green-D,41841355-NewtonHighlandsKenmoreW1
Green-D,41841357-NewtonHighlandsKenmoreW1
Green-D,41841367-NewtonHighlandsKenmoreW1
Green-D,41841374-NewtonHighlandsKenmoreW1
Green-D,41841375-NewtonHighlandsKenmoreW1
Green-D,41841392-NewtonHighlandsKenmoreW1
Green-D,41841393-NewtonHighlandsKenmoreW1
Green-D,41841394-NewtonHighlandsKenmoreW1
Green-D,41841414-NewtonHighlandsKenmoreW1
Green-D,41841415-NewtonHighlandsKenmoreW1
Green-D,41841434-NewtonHighlandsKenmoreW1
Green-D,41841435-NewtonHighlandsKenmoreW1
Green-D,41841440-NewtonHighlandsKenmoreW1
Green-D,41841452-NewtonHighlandsKenmoreW1
Green-D,41841522-NewtonHighlandsKenmoreW1
Green-D,41841535-NewtonHighlandsKenmoreW1
Green-D,41840189-NewtonHighlandsKenmoreW1
Green-D,41840190-NewtonHighlandsKenmoreW1
Green-D,41840197-NewtonHighlandsKenmoreW1
Green-D,41840208-NewtonHighlandsKenmoreW1
Green-D,41841133-NewtonHighlandsKenmoreW1
Green-D,41841134-NewtonHighlandsKenmoreW1
Green-D,41841135-NewtonHighlandsKenmoreW1
Green-D,41841136-NewtonHighlandsKenmoreW1
Green-D,41841137-NewtonHighlandsKenmoreW1
Green-D,41841138-NewtonHighlandsKenmoreW1
Green-D,41841144-NewtonHighlandsKenmoreW1
Green-D,41841145-NewtonHighlandsKenmoreW1
Green-D,41841146-NewtonHighlandsKenmoreW1
Green-D,41841147-NewtonHighlandsKenmoreW1
Green-D,41841163-NewtonHighlandsKenmoreW1
Green-D,41841165-NewtonHighlandsKenmoreW1
Green-D,41841166-NewtonHighlandsKenmoreW1
Green-D,41841167-NewtonHighlandsKenmoreW1
Green-D,41841168-NewtonHighlandsKenmoreW1
Green-D,41841169-NewtonHighlandsKenmoreW1
Green-D,41841170-NewtonHighlandsKenmoreW1
Green-D,41841171-NewtonHighlandsKenmoreW1
Green-D,41841172-NewtonHighlandsKenmoreW1
Green-D,41841173-NewtonHighlandsKenmoreW1
Green-D,41841174-NewtonHighlandsKenmoreW1
Green-D,41841175-NewtonHighlandsKenmoreW1
Green-D,41841176-NewtonHighlandsKenmoreW1
Green-D,41841177-NewtonHighlandsKenmoreW1
Green-D,41841178-NewtonHighlandsKenmoreW1
Green-D,41841179-NewtonHighlandsKenmoreW1
Green-D,41841180-NewtonHighlandsKenmoreW1
Green-D,41841213-NewtonHighlandsKenmoreW1
Green-D,41841218-NewtonHighlandsKenmoreW1
Green-D,41841223-NewtonHighlandsKenmoreW1
Green-D,41841224-NewtonHighlandsKenmoreW1
Green-D,41841229-NewtonHighlandsKenmoreW1
Green-D,41841250-NewtonHighlandsKenmoreW1
Green-D,41841251-NewtonHighlandsKenmoreW1
Green-D,41841252-NewtonHighlandsKenmoreW1
Green-D,41841253-NewtonHighlandsKenmoreW1
Green-D,41841254-NewtonHighlandsKenmoreW1
Green-D,41841255-NewtonHighlandsKenmoreW1
Green-D,41841256-NewtonHighlandsKenmoreW1
Green-D,41841257-NewtonHighlandsKenmoreW1
Green-D,41841258-NewtonHighlandsKenmoreW1
Green-D,41841259-NewtonHighlandsKenmoreW1
Green-D,41841261-NewtonHighlandsKenmoreW1
Green-D,41841278-NewtonHighlandsKenmoreW1
Green-D,41841279-NewtonHighlandsKenmoreW1
Green-D,41841280-NewtonHighlandsKenmoreW1
Green-D,41841281-NewtonHighlandsKenmoreW1
Green-D,41841282-NewtonHighlandsKenmoreW1
Green-D,41841283-NewtonHighlandsKenmoreW1
Green-D,41841304-NewtonHighlandsKenmoreW1
Green-D,41841305-NewtonHighlandsKenmoreW1
Green-D,41841306-NewtonHighlandsKenmoreW1
Green-D,41841307-NewtonHighlandsKenmoreW1
Green-D,41841308-NewtonHighlandsKenmoreW1
Green-D,41841309-NewtonHighlandsKenmoreW1
Green-D,41841310-NewtonHighlandsKenmoreW1
Green-D,41841311-NewtonHighlandsKenmoreW1
Green-D,41841312-NewtonHighlandsKenmoreW1
Green-D,41841328-NewtonHighlandsKenmoreW1
Green-D,41841329-NewtonHighlandsKenmoreW1
Green-D,41841332-NewtonHighlandsKenmoreW1
Green-D,41841333-NewtonHighlandsKenmoreW1
Green-D,41841334-NewtonHighlandsKenmoreW1
Green-D,41841335-NewtonHighlandsKenmoreW1
Green-D,41841336-NewtonHighlandsKenmoreW1
Green-D,41841352-NewtonHighlandsKenmoreW1
Green-D,41841353-NewtonHighlandsKenmoreW1
Green-D,41841354-NewtonHighlandsKenmoreW1
Green-D,41841356-NewtonHighlandsKenmoreW1
Green-D,41841372-NewtonHighlandsKenmoreW1
Green-D,41841377-NewtonHighlandsKenmoreW1
Green-D,41841378-NewtonHighlandsKenmoreW1
Green-D,41841379-NewtonHighlandsKenmoreW1
Green-D,41841381-NewtonHighlandsKenmoreW1
Green-D,41841382-NewtonHighlandsKenmoreW1
Green-D,41841383-NewtonHighlandsKenmoreW1
Green-D,41841384-NewtonHighlandsKenmoreW1
Green-D,41841385-NewtonHighlandsKenmoreW1
Green-D,41841386-NewtonHighlandsKenmoreW1
Green-D,41841387-NewtonHighlandsKenmoreW1
Green-D,41841388-NewtonHighlandsKenmoreW1
Green-D,41841389-NewtonHighlandsKenmoreW1
Green-D,41841390-NewtonHighlandsKenmoreW1
Green-D,41841396-NewtonHighlandsKenmoreW1
Green-D,41841397-NewtonHighlandsKenmoreW1
Green-D,41841398-NewtonHighlandsKenmoreW1
Green-D,41841399-NewtonHighlandsKenmoreW1
Green-D,41841400-NewtonHighlandsKenmoreW1
Green-D,41841401-NewtonHighlandsKenmoreW1
Green-D,41841402-NewtonHighlandsKenmoreW1
Green-D,41841403-NewtonHighlandsKenmoreW1
Green-D,41841404-NewtonHighlandsKenmoreW1
Green-D,41841405-NewtonHighlandsKenmoreW1
Green-D,41841406-NewtonHighlandsKenmoreW1
Green-D,41841408-NewtonHighlandsKenmoreW1
Green-D,41841409-NewtonHighlandsKenmoreW1
Green-D,41841412-NewtonHighlandsKenmoreW1
Green-D,41841413-NewtonHighlandsKenmoreW1
Green-D,41841417-NewtonHighlandsKenmoreW1
Green-D,41841418-NewtonHighlandsKenmoreW1
Green-D,41841419-NewtonHighlandsKenmoreW1
Green-D,41841420-NewtonHighlandsKenmoreW1
Green-D,41841421-NewtonHighlandsKenmoreW1
Green-D,41841422-NewtonHighlandsKenmoreW1
Green-D,41841423-NewtonHighlandsKenmoreW1
Green-D,41841425-NewtonHighlandsKenmoreW1
Green-D,41841426-NewtonHighlandsKenmoreW1
Green-D,41841427-NewtonHighlandsKenmoreW1
Green-D,41841428-NewtonHighlandsKenmoreW1
Green-D,41841429-NewtonHighlandsKenmoreW1
Green-D,41841430-NewtonHighlandsKenmoreW1
Green-D,41841431-NewtonHighlandsKenmoreW1
Green-D,41841432-NewtonHighlandsKenmoreW1
Green-D,41841433-NewtonHighlandsKenmoreW1
Green-D,41841436-NewtonHighlandsKenmoreW1
Green-D,41841437-NewtonHighlandsKenmoreW1
Green-D,41841453-NewtonHighlandsKenmoreW1
Green-D,41841476-NewtonHighlandsKenmoreW1
Green-D,41841489-NewtonHighlandsKenmoreW1
Green-D,41841502-NewtonHighlandsKenmoreW1
Green-D,41841515-NewtonHighlandsKenmoreW1
Green-D,41842335-NewtonHighlandsKenmoreW1
Green-D,41842336-NewtonHighlandsKenmoreW1
Green-D,41842337-NewtonHighlandsKenmoreW1
Green-D,41842338-NewtonHighlandsKenmoreW1
Green-D,41842766-NewtonHighlandsKenmoreW1
Green-D,41842767-NewtonHighlandsKenmoreW1
Green-D,41842768-NewtonHighlandsKenmoreW1
Green-D,41842769-NewtonHighlandsKenmoreW1
Green-D,41842770-NewtonHighlandsKenmoreW1
Green-D,41842771-NewtonHighlandsKenmoreW1
Green-D,41842772-NewtonHighlandsKenmoreW1
Green-D,41842773-NewtonHighlandsKenmoreW1
Green-D,41842774-NewtonHighlandsKenmoreW1
Green-D,41842775-NewtonHighlandsKenmoreW1
Green-D,41842776-NewtonHighlandsKenmoreW1
Green-D,41842778-NewtonHighlandsKenmoreW1
Green-D,41842779-NewtonHighlandsKenmoreW1
Green-D,41842784-NewtonHighlandsKenmoreW1
Green-D,41842871-NewtonHighlandsKenmoreW1
Green-D,41842889-NewtonHighlandsKenmoreW1
Green-D,41842891-NewtonHighlandsKenmoreW1
Green-D,41842947-NewtonHighlandsKenmoreW1
Green-D,41842948-NewtonHighlandsKenmoreW1
Green-D,41842949-NewtonHighlandsKenmoreW1
Green-D,41842955-NewtonHighlandsKenmoreW1
Green-D,41842966-NewtonHighlandsKenmoreW1
Green-D,41842967-NewtonHighlandsKenmoreW1
Green-D,41842972-NewtonHighlandsKenmoreW1
Green-D,41842973-NewtonHighlandsKenmoreW1
Green-D,41842974-NewtonHighlandsKenmoreW1
Green-D,41842988-NewtonHighlandsKenmoreW1
Green-D,41842989-NewtonHighlandsKenmoreW1
Green-D,41842990-NewtonHighlandsKenmoreW1
Green-D,41842991-NewtonHighlandsKenmoreW1
Green-D,41842992-NewtonHighlandsKenmoreW1
Green-D,41842993-NewtonHighlandsKenmoreW1
Green-D,41842994-NewtonHighlandsKenmoreW1
Green-D,41842995-NewtonHighlandsKenmoreW1
Green-D,41842996-NewtonHighlandsKenmoreW1
Green-D,41842997-NewtonHighlandsKenmoreW1
Green-D,41842998-NewtonHighlandsKenmoreW1
Green-D,41842999-NewtonHighlandsKenmoreW1
Green-D,41843001-NewtonHighlandsKenmoreW1
Green-D,41843002-NewtonHighlandsKenmoreW1
Green-D,41843003-NewtonHighlandsKenmoreW1
Green-D,41843018-NewtonHighlandsKenmoreW1
Green-D,41843020-NewtonHighlandsKenmoreW1
Green-D,41843035-NewtonHighlandsKenmoreW1
Green-D,41843038-NewtonHighlandsKenmoreW1
Green-D,41843106-NewtonHighlandsKenmoreW1
Green-D,41843107-NewtonHighlandsKenmoreW1
Green-D,41843108-NewtonHighlandsKenmoreW1
Green-D,41843109-NewtonHighlandsKenmoreW1
Green-D,41843110-NewtonHighlandsKenmoreW1
Green-D,41843111-NewtonHighlandsKenmoreW1
Green-D,41843112-NewtonHighlandsKenmoreW1
Green-D,41843113-NewtonHighlandsKenmoreW1
Green-D,41843114-NewtonHighlandsKenmoreW1
Green-D,41843115-NewtonHighlandsKenmoreW1
Green-D,41843116-NewtonHighlandsKenmoreW1
Green-D,41843117-NewtonHighlandsKenmoreW1
Green-D,41843118-NewtonHighlandsKenmoreW1
Green-D,41843119-NewtonHighlandsKenmoreW1
Green-D,41843120-NewtonHighlandsKenmoreW1
Green-D,41843121-NewtonHighlandsKenmoreW1
Green-D,41843122-NewtonHighlandsKenmoreW1
Green-D,41843123-NewtonHighlandsKenmoreW1
Green-D,41843124-NewtonHighlandsKenmoreW1
Green-D,41843125-NewtonHighlandsKenmoreW1
Green-D,41843126-NewtonHighlandsKenmoreW1
Green-D,41843127-NewtonHighlandsKenmoreW1
Green-D,41843128-NewtonHighlandsKenmoreW1
Green-D,41843129-NewtonHighlandsKenmoreW1
Green-D,41843130-NewtonHighlandsKenmoreW1
Green-D,41843131-NewtonHighlandsKenmoreW1
Green-D,41843132-NewtonHighlandsKenmoreW1
Green-D,41843133-NewtonHighlandsKenmoreW1
Green-D,41843134-NewtonHighlandsKenmoreW1
Green-D,41843135-NewtonHighlandsKenmoreW1
Green-D,41843136-NewtonHighlandsKenmoreW1
Green-D,41843137-NewtonHighlandsKenmoreW1
Green-D,41843138-NewtonHighlandsKenmoreW1
Green-D,41843139-NewtonHighlandsKenmoreW1
Green-D,41843140-NewtonHighlandsKenmoreW1
Green-D,41843141-NewtonHighlandsKenmoreW1
Green-D,41843142-NewtonHighlandsKenmoreW1
Green-D,41843143-NewtonHighlandsKenmoreW1
Green-D,41843144-NewtonHighlandsKenmoreW1
Green-D,41843145-NewtonHighlandsKenmoreW1
Green-D,41843146-NewtonHighlandsKenmoreW1
Green-D,41843147-NewtonHighlandsKenmoreW1
Green-D,41843148-NewtonHighlandsKenmoreW1
Green-D,41843149-NewtonHighlandsKenmoreW1
Green-D,41843150-NewtonHighlandsKenmoreW1
Green-D,41843151-NewtonHighlandsKenmoreW1
Green-D,41843152-NewtonHighlandsKenmoreW1
Green-D,41843153-NewtonHighlandsKenmoreW1
Green-D,41843154-NewtonHighlandsKenmoreW1
Green-D,41843155-NewtonHighlandsKenmoreW1
Green-D,41843156-NewtonHighlandsKenmoreW1
Green-D,41843157-NewtonHighlandsKenmoreW1
Green-D,41842329-NewtonHighlandsKenmoreW1
Green-D,41842330-NewtonHighlandsKenmoreW1
Green-D,41842331-NewtonHighlandsKenmoreW1
Green-D,41842332-NewtonHighlandsKenmoreW1
Green-D,41842333-NewtonHighlandsKenmoreW1
Green-D,41842334-NewtonHighlandsKenmoreW1
Green-D,41842761-NewtonHighlandsKenmoreW1
Green-D,41842762-NewtonHighlandsKenmoreW1
Green-D,41842780-NewtonHighlandsKenmoreW1
Green-D,41842781-NewtonHighlandsKenmoreW1
Green-D,41842782-NewtonHighlandsKenmoreW1
Green-D,41842800-NewtonHighlandsKenmoreW1
Green-D,41842822-NewtonHighlandsKenmoreW1
Green-D,41842827-NewtonHighlandsKenmoreW1
Green-D,41842828-NewtonHighlandsKenmoreW1
Green-D,41842886-NewtonHighlandsKenmoreW1
Green-D,41842908-NewtonHighlandsKenmoreW1
Green-D,41842909-NewtonHighlandsKenmoreW1
Green-D,41842910-NewtonHighlandsKenmoreW1
Green-D,41842911-NewtonHighlandsKenmoreW1
Green-D,41842926-NewtonHighlandsKenmoreW1
Green-D,41842927-NewtonHighlandsKenmoreW1
Green-D,41842928-NewtonHighlandsKenmoreW1
Green-D,41842931-NewtonHighlandsKenmoreW1
Green-D,41842932-NewtonHighlandsKenmoreW1
Green-D,41842933-NewtonHighlandsKenmoreW1
Green-D,41842934-NewtonHighlandsKenmoreW1
Green-D,41842935-NewtonHighlandsKenmoreW1
Green-D,41843006-NewtonHighlandsKenmoreW1
Green-D,41843007-NewtonHighlandsKenmoreW1
Green-D,41843008-NewtonHighlandsKenmoreW1
Green-D,41843009-NewtonHighlandsKenmoreW1
Green-D,41843010-NewtonHighlandsKenmoreW1
Green-D,41843011-NewtonHighlandsKenmoreW1
Green-D,41843012-NewtonHighlandsKenmoreW1
Green-D,41843023-NewtonHighlandsKenmoreW1
Green-D,41843036-NewtonHighlandsKenmoreW1
Green-D,41843037-NewtonHighlandsKenmoreW1
Green-D,41843052-NewtonHighlandsKenmoreW1
Green-D,41843053-NewtonHighlandsKenmoreW1
Green-D,41843054-NewtonHighlandsKenmoreW1
Green-D,41843061-NewtonHighlandsKenmoreW1
Green-D,41843062-NewtonHighlandsKenmoreW1
Green-D,41843071-NewtonHighlandsKenmoreW1
Green-D,41843072-NewtonHighlandsKenmoreW1
Green-D,41843073-NewtonHighlandsKenmoreW1
Green-D,41843074-NewtonHighlandsKenmoreW1
Green-D,41843075-NewtonHighlandsKenmoreW1
Green-D,41843076-NewtonHighlandsKenmoreW1
Green-D,41843077-NewtonHighlandsKenmoreW1
Green-D,41843158-NewtonHighlandsKenmoreW1
Green-D,41843159-NewtonHighlandsKenmoreW1
Green-D,41843160-NewtonHighlandsKenmoreW1
Green-D,41843161-NewtonHighlandsKenmoreW1
Green-D,41843162-NewtonHighlandsKenmoreW1
Green-D,41843163-NewtonHighlandsKenmoreW1
Green-D,41843164-NewtonHighlandsKenmoreW1
Green-D,41843165-NewtonHighlandsKenmoreW1
Green-D,41843166-NewtonHighlandsKenmoreW1
Green-D,41843167-NewtonHighlandsKenmoreW1
Green-D,41843168-NewtonHighlandsKenmoreW1
Green-D,41843169-NewtonHighlandsKenmoreW1
Green-D,41843170-NewtonHighlandsKenmoreW1
Green-D,41843171-NewtonHighlandsKenmoreW1
Green-D,41843172-NewtonHighlandsKenmoreW1
Green-D,41843173-NewtonHighlandsKenmoreW1
Green-D,41843174-NewtonHighlandsKenmoreW1
Green-D,41843175-NewtonHighlandsKenmoreW1
Green-D,41843176-NewtonHighlandsKenmoreW1
Green-D,41843177-NewtonHighlandsKenmoreW1
Green-D,41843178-NewtonHighlandsKenmoreW1
Green-D,41843179-NewtonHighlandsKenmoreW1
Green-D,41843180-NewtonHighlandsKenmoreW1
Green-D,41843181-NewtonHighlandsKenmoreW1
Green-D,41843182-NewtonHighlandsKenmoreW1
Green-D,41843183-NewtonHighlandsKenmoreW1
Green-D,41843184-NewtonHighlandsKenmoreW1
Green-D,41843185-NewtonHighlandsKenmoreW1
Green-D,41843186-NewtonHighlandsKenmoreW1
Green-D,41843187-NewtonHighlandsKenmoreW1
Green-D,41843188-NewtonHighlandsKenmoreW1
Green-D,41843189-NewtonHighlandsKenmoreW1
Green-D,41843190-NewtonHighlandsKenmoreW1
Green-D,41843191-NewtonHighlandsKenmoreW1
Green-D,41843192-NewtonHighlandsKenmoreW1
Green-D,41843193-NewtonHighlandsKenmoreW1
Green-D,41843194-NewtonHighlandsKenmoreW1
Green-D,41843195-NewtonHighlandsKenmoreW1
Green-D,41843196-NewtonHighlandsKenmoreW1
Green-D,41843197-NewtonHighlandsKenmoreW1
Green-D,41843198-NewtonHighlandsKenmoreW1
Green-D,41843199-NewtonHighlandsKenmoreW1
Green-D,41843200-NewtonHighlandsKenmoreW1
Green-D,41843201-NewtonHighlandsKenmoreW1
Green-D,41843202-NewtonHighlandsKenmoreW1
Green-D,41843203-NewtonHighlandsKenmoreW1
Green-D,41843204-NewtonHighlandsKenmoreW1
Green-D,41843205-NewtonHighlandsKenmoreW1
Green-D,41843206-NewtonHighlandsKenmoreW1
Green-D,41843207-NewtonHighlandsKenmoreW1
Green-D,41843208-NewtonHighlandsKenmoreW1
Orange,41132096-20:15-OakGroveWellington1
Orange,41132098-20:15-OakGroveWellington1
Orange,41132106-20:15-OakGroveWellington1
Orange,41132110-20:15-OakGroveWellington1
Orange,41132135-20:15-OakGroveWellington1
Orange,41132137-20:15-OakGroveWellington1
Orange,41132139-20:15-OakGroveWellington1
Orange,41132141-20:15-OakGroveWellington1
Orange,41132142-20:15-OakGroveWellington1
Orange,41132143-20:15-OakGroveWellington1
Orange,41132144-20:15-OakGroveWellington1
Orange,41132145-20:15-OakGroveWellington1
Orange,41132146-20:15-OakGroveWellington1
Orange,41132147-20:15-OakGroveWellington1
Orange,41132148-20:15-OakGroveWellington1
Orange,41132149-20:15-OakGroveWellington1
Orange,41132150-20:15-OakGroveWellington1
Orange,41132151-20:15-OakGroveWellington1
Orange,41132153-20:15-OakGroveWellington1
Orange,41132155-20:15-OakGroveWellington1
Orange,41132157-20:15-OakGroveWellington1
Orange,41132163-20:15-OakGroveWellington1
Orange,41132165-20:15-OakGroveWellington1
Orange,41132204-20:15-OakGroveWellington1
Orange,41132215-20:15-OakGroveWellington1
Orange,41132216-20:15-OakGroveWellington1
Orange,41132218-20:15-OakGroveWellington1
Orange,41132119-20:15-OakGroveWellington1
Orange,41132120-20:15-OakGroveWellington1
Orange,41132121-20:15-OakGroveWellington1
Orange,41132122-20:15-OakGroveWellington1
Orange,41132123-20:15-OakGroveWellington1
Orange,41132124-20:15-OakGroveWellington1
Orange,41132125-20:15-OakGroveWellington1
Orange,41132126-20:15-OakGroveWellington1
Orange,41132127-20:15-OakGroveWellington1
Orange,41132128-20:15-OakGroveWellington1
Orange,41132129-20:15-OakGroveWellington1
Orange,41132130-20:15-OakGroveWellington1
Orange,41132131-20:15-OakGroveWellington1
Orange,41132132-20:15-OakGroveWellington1
Orange,41132133-20:15-OakGroveWellington1
Orange,41132134-20:15-OakGroveWellington1
Orange,41132152-20:15-OakGroveWellington1
Orange,41132156-20:15-OakGroveWellington1
Orange,41132158-20:15-OakGroveWellington1
Orange,41132159-20:15-OakGroveWellington1
Orange,41132160-20:15-OakGroveWellington1
Orange,41132161-20:15-OakGroveWellington1
Orange,41132162-20:15-OakGroveWellington1
Orange,41132164-20:15-OakGroveWellington1
Orange,41132166-20:15-OakGroveWellington1
Orange,41132198-20:15-OakGroveWellington1
Orange,41132217-20:15-OakGroveWellington1
Orange,41152318-20:15-OakGroveWellington1
Orange,41152319-20:15-OakGroveWellington1
Orange,41152320-20:15-OakGroveWellington1
Orange,41152327-20:15-OakGroveWellington1
Orange,41152328-20:15-OakGroveWellington1
Orange,41152335-20:15-OakGroveWellington1
Orange,41152336-20:15-OakGroveWellington1
Orange,41152337-20:15-OakGroveWellington1
Orange,41152344-20:15-OakGroveWellington1
Orange,41152345-20:15-OakGroveWellington1
Orange,41152346-20:15-OakGroveWellington1
Orange,41152353-20:15-OakGroveWellington1
Orange,41152354-20:15-OakGroveWellington1
Orange,41152355-20:15-OakGroveWellington1
Orange,41152361-20:15-OakGroveWellington1
Orange,41152362-20:15-OakGroveWellington1
Orange,41152363-20:15-OakGroveWellington1
Orange,41152369-20:15-OakGroveWellington1
Orange,41152370-20:15-OakGroveWellington1
Orange,41152371-20:15-OakGroveWellington1
Orange,41152377-20:15-OakGroveWellington1
Orange,41152378-20:15-OakGroveWellington1
Orange,41152379-20:15-OakGroveWellington1
Orange,41152184-20:15-OakGroveWellington1
Orange,41152185-20:15-OakGroveWellington1
Orange,41152228-20:15-OakGroveWellington1
Orange,41152298-20:15-OakGroveWellington1
Orange,41152299-20:15-OakGroveWellington1
Orange,41152300-20:15-OakGroveWellington1
Orange,41152301-20:15-OakGroveWellington1
Orange,41152302-20:15-OakGroveWellington1
Orange,41152303-20:15-OakGroveWellington1
Orange,41152304-20:15-OakGroveWellington1
Orange,41152305-20:15-OakGroveWellington1
Orange,41152306-20:15-OakGroveWellington1
Orange,41152307-20:15-OakGroveWellington1
Orange,41152308-20:15-OakGroveWellington1
Orange,41152309-20:15-OakGroveWellington1
Orange,41152310-20:15-OakGroveWellington1
Orange,41152311-20:15-OakGroveWellington1
Orange,41152312-20:15-OakGroveWellington1
Orange,41152313-20:15-OakGroveWellington1
Orange,41152314-20:15-OakGroveWellington1
Orange,41152315-20:15-OakGroveWellington1
Orange,41152316-20:15-OakGroveWellington1
Orange,41152317-20:15-OakGroveWellington1
Red,41527268-20:45-BroadwayKendall1
Red,41527269-20:45-BroadwayKendall1
Red,41527271-20:45-BroadwayKendall1
Red,41527272-20:45-BroadwayKendall1
Red,41527274-20:45-BroadwayKendall1
Red,41527275-20:45-BroadwayKendall1
Red,41527276-20:45-BroadwayKendall1
Red,41527277-20:45-BroadwayKendall1
Red,41527279-20:45-BroadwayKendall1
Red,41527281-20:45-BroadwayKendall1
Red,41527282-20:45-BroadwayKendall1
Red,41527283-20:45-BroadwayKendall1
Red,41527284-20:45-BroadwayKendall1
Red,41527285-20:45-BroadwayKendall1
Red,41527286-20:45-BroadwayKendall1
Red,41527287-20:45-BroadwayKendall1
Red,41527288-20:45-BroadwayKendall1
Red,41527289-20:45-BroadwayKendall1
Red,41527290-20:45-BroadwayKendall1
Red,41527423-20:45-BroadwayKendall1
Red,41527506-20:45-BroadwayKendall1
Red,41527515-20:45-BroadwayKendall1
Red,41527516-20:45-BroadwayKendall1
Red,41527517-20:45-BroadwayKendall1
Red,41527518-20:45-BroadwayKendall1
Red,41527519-20:45-BroadwayKendall1
Red,41527520-20:45-BroadwayKendall1
Red,41527533-20:45-BroadwayKendall1
Red,41527537-20:45-BroadwayKendall1
Red,41527538-20:45-BroadwayKendall1
Red,41527539-20:45-BroadwayKendall1
Red,41527540-20:45-BroadwayKendall1
Red,41527541-20:45-BroadwayKendall1
Red,41527542-20:45-BroadwayKendall1
Red,41527543-20:45-BroadwayKendall1
Red,41527544-20:45-BroadwayKendall1
Red,41527545-20:45-BroadwayKendall1
Red,41527249-20:45-BroadwayKendall1
Red,41527250-20:45-BroadwayKendall1
Red,41527251-20:45-BroadwayKendall1
Red,41527252-20:45-BroadwayKendall1
Red,41527253-20:45-BroadwayKendall1
Red,41527254-20:45-BroadwayKendall1
Red,41527255-20:45-BroadwayKendall1
Red,41527256-20:45-BroadwayKendall1
Red,41527257-20:45-BroadwayKendall1
Red,41527258-20:45-BroadwayKendall1
Red,41527259-20:45-BroadwayKendall1
Red,41527260-20:45-BroadwayKendall1
Red,41527261-20:45-BroadwayKendall1
Red,41527262-20:45-BroadwayKendall1
Red,41527263-20:45-BroadwayKendall1
Red,41527264-20:45-BroadwayKendall1
Red,41527266-20:45-BroadwayKendall1
Red,41527270-20:45-BroadwayKendall1
Red,41527495-20:45-BroadwayKendall1
Red,41527496-20:45-BroadwayKendall1
Red,41527521-20:45-BroadwayKendall1
Red,41527522-20:45-BroadwayKendall1
Red,41527523-20:45-BroadwayKendall1
Red,41527524-20:45-BroadwayKendall1
Red,41527525-20:45-BroadwayKendall1
Red,41527526-20:45-BroadwayKendall1
Red,41527527-20:45-BroadwayKendall1
Red,41527528-20:45-BroadwayKendall1
Red,41527529-20:45-BroadwayKendall1
Red,41527530-20:45-BroadwayKendall1
Red,41527531-20:45-BroadwayKendall1
Red,41527532-20:45-BroadwayKendall1
Red,41527534-20:45-BroadwayKendall1
Red,41527535-20:45-BroadwayKendall1
Red,41527536-20:45-BroadwayKendall1
Red,41289019-BroadwayKendall1
Red,41289020-BroadwayKendall1
Red,41289021-BroadwayKendall1
Red,41289111-BroadwayKendall1
Red,41289112-BroadwayKendall1
Red,41289113-BroadwayKendall1
Red,41289114-BroadwayKendall1
Red,41289115-BroadwayKendall1
Red,41289116-BroadwayKendall1
Red,41289117-BroadwayKendall1
Red,41289118-BroadwayKendall1
Red,41289119-BroadwayKendall1
Red,41289120-BroadwayKendall1
Red,41289121-BroadwayKendall1
Red,41289122-BroadwayKendall1
Red,41289123-BroadwayKendall1
Red,41289124-BroadwayKendall1
Red,41289125-BroadwayKendall1
Red,41289126-BroadwayKendall1
Red,41289127-BroadwayKendall1
Red,41289128-BroadwayKendall1
Red,41289129-BroadwayKendall1
Red,41289130-BroadwayKendall1
Red,41289131-BroadwayKendall1
Red,41289132-BroadwayKendall1
Red,41289133-BroadwayKendall1
Red,41289134-BroadwayKendall1
Red,41289135-BroadwayKendall1
Red,41289136-BroadwayKendall1
Red,41289137-BroadwayKendall1
Red,41289138-BroadwayKendall1
Red,41289139-BroadwayKendall1
Red,41289140-BroadwayKendall1
Red,41289141-BroadwayKendall1
Red,41289142-BroadwayKendall1
Red,41289143-BroadwayKendall1
Red,41289144-BroadwayKendall1
Red,41289145-BroadwayKendall1
Red,41289146-BroadwayKendall1
Red,41289147-BroadwayKendall1
Red,41289148-BroadwayKendall1
Red,41289149-BroadwayKendall1
Red,41289150-BroadwayKendall1
Red,41289151-BroadwayKendall1
Red,41289152-BroadwayKendall1
Red,41289153-BroadwayKendall1
Red,41289154-BroadwayKendall1
Red,41289155-BroadwayKendall1
Red,41289156-BroadwayKendall1
Red,41289157-BroadwayKendall1
Red,41289158-BroadwayKendall1
Red,41289159-BroadwayKendall1
Red,41289160-BroadwayKendall1
Red,41289161-BroadwayKendall1
Red,41289162-BroadwayKendall1
Red,41289163-BroadwayKendall1
Red,41289164-BroadwayKendall1
Red,41289165-BroadwayKendall1
Red,41289166-BroadwayKendall1
Red,41289167-BroadwayKendall1
Red,41289168-BroadwayKendall1
Red,41289169-BroadwayKendall1
Red,41289170-BroadwayKendall1
Red,41289171-BroadwayKendall1
Red,41289172-BroadwayKendall1
Red,41289173-BroadwayKendall1
Red,41289174-BroadwayKendall1
Red,41289175-BroadwayKendall1
Red,41289176-BroadwayKendall1
Red,41289177-BroadwayKendall1
Red,41289178-BroadwayKendall1
Red,41289179-BroadwayKendall1
Red,41289180-BroadwayKendall1
Red,41289181-BroadwayKendall1
Red,41289182-BroadwayKendall1
Red,41289183-BroadwayKendall1
Red,41289184-BroadwayKendall1
Red,41289185-BroadwayKendall1
Red,41289186-BroadwayKendall1
Red,41289187-BroadwayKendall1
Red,41289188-BroadwayKendall1
Red,41289189-BroadwayKendall1
Red,41289190-BroadwayKendall1
Red,41289191-BroadwayKendall1
Red,41289192-BroadwayKendall1
Red,41289193-BroadwayKendall1
Red,41289022-BroadwayKendall1
Red,41289023-BroadwayKendall1
Red,41289024-BroadwayKendall1
Red,41289276-BroadwayKendall1
Red,41289277-BroadwayKendall1
Red,41289280-BroadwayKendall1
Red,41289281-BroadwayKendall1
Red,41289282-BroadwayKendall1
Red,41289283-BroadwayKendall1
Red,41289284-BroadwayKendall1
Red,41289285-BroadwayKendall1
Red,41289286-BroadwayKendall1
Red,41289287-BroadwayKendall1
Red,41289288-BroadwayKendall1
Red,41289289-BroadwayKendall1
Red,41289290-BroadwayKendall1
Red,41289291-BroadwayKendall1
Red,41289292-BroadwayKendall1
Red,41289293-BroadwayKendall1
Red,41289294-BroadwayKendall1
Red,41289295-BroadwayKendall1
Red,41289296-BroadwayKendall1
Red,41289297-BroadwayKendall1
Red,41289298-BroadwayKendall1
Red,41289299-BroadwayKendall1
Red,41289300-BroadwayKendall1
Red,41289301-BroadwayKendall1
Red,41289302-BroadwayKendall1
Red,41289303-BroadwayKendall1
Red,41289304-BroadwayKendall1
Red,41289305-BroadwayKendall1
Red,41289306-BroadwayKendall1
Red,41289307-BroadwayKendall1
Red,41289308-BroadwayKendall1
Red,41289309-BroadwayKendall1
Red,41289310-BroadwayKendall1
Red,41289311-BroadwayKendall1
Red,41289312-BroadwayKendall1
Red,41289313-BroadwayKendall1
Red,41289314-BroadwayKendall1
Red,41289315-BroadwayKendall1
Red,41289316-BroadwayKendall1
Red,41289317-BroadwayKendall1
Red,41289318-BroadwayKendall1
Red,41289319-BroadwayKendall1
Red,41289320-BroadwayKendall1
Red,41289321-BroadwayKendall1
Red,41289322-BroadwayKendall1
Red,41289323-BroadwayKendall1
Red,41289324-BroadwayKendall1
Red,41289325-BroadwayKendall1
Red,41289326-BroadwayKendall1
Red,41289327-BroadwayKendall1
Red,41289328-BroadwayKendall1
Red,41289329-BroadwayKendall1
Red,41289330-BroadwayKendall1
Red,41289331-BroadwayKendall1
Red,41289332-BroadwayKendall1
Red,41289333-BroadwayKendall1
Red,41289334-BroadwayKendall1
Red,41289335-BroadwayKendall1
Red,41289336-BroadwayKendall1
Red,41289337-BroadwayKendall1
Red,41289338-BroadwayKendall1
Red,41289339-BroadwayKendall1
Red,41289340-BroadwayKendall1
Red,41289341-BroadwayKendall1
Red,41289342-BroadwayKendall1
Red,41289343-BroadwayKendall1
Red,41289344-BroadwayKendall1
Red,41289345-BroadwayKendall1
Red,41289346-BroadwayKendall1
Red,41289347-BroadwayKendall1
Red,41289348-BroadwayKendall1
Red,41289349-BroadwayKendall1
Red,41289350-BroadwayKendall1
Red,41289351-BroadwayKendall1
Red,41289352-BroadwayKendall1
Red,41289353-BroadwayKendall1
Red,41289354-BroadwayKendall1
Red,41289355-BroadwayKendall1
Red,41289356-BroadwayKendall1
Red,41289357-BroadwayKendall1
Red,41289358-BroadwayKendall1
Red,41289359-BroadwayKendall1
Red,41289025-BroadwayKendall1
Red,41289026-BroadwayKendall1
Red,41289027-BroadwayKendall1
Red,41289028-BroadwayKendall1
Red,41289029-BroadwayKendall1
Red,41289030-BroadwayKendall1
Red,41289031-BroadwayKendall1
Red,41289032-BroadwayKendall1
Red,41289033-BroadwayKendall1
Red,41289034-BroadwayKendall1
Red,41289035-BroadwayKendall1
Red,41289036-BroadwayKendall1
Red,41289037-BroadwayKendall1
Red,41289038-BroadwayKendall1
Red,41289039-BroadwayKendall1
Red,41289040-BroadwayKendall1
Red,41289041-BroadwayKendall1
Red,41289042-BroadwayKendall1
Red,41289043-BroadwayKendall1
Red,41289044-BroadwayKendall1
Red,41289045-BroadwayKendall1
Red,41289046-BroadwayKendall1
Red,41289047-BroadwayKendall1
Red,41289048-BroadwayKendall1
Red,41289049-BroadwayKendall1
Red,41289050-BroadwayKendall1
Red,41289051-BroadwayKendall1
Red,41289052-BroadwayKendall1
Red,41289053-BroadwayKendall1
Red,41289054-BroadwayKendall1
Red,41289055-BroadwayKendall1
Red,41289056-BroadwayKendall1
Red,41289057-BroadwayKendall1
Red,41289058-BroadwayKendall1
Red,41289059-BroadwayKendall1
Red,41289060-BroadwayKendall1
Red,41289061-BroadwayKendall1
Red,41289062-BroadwayKendall1
Red,41289063-BroadwayKendall1
Red,41289064-BroadwayKendall1
Red,41289065-BroadwayKendall1
Red,41289066-BroadwayKendall1
Red,41289067-BroadwayKendall1
Red,41289068-BroadwayKendall1
Red,41289069-BroadwayKendall1
Red,41289070-BroadwayKendall1
Red,41289071-BroadwayKendall1
Red,41289072-BroadwayKendall1
Red,41289073-BroadwayKendall1
Red,41289074-BroadwayKendall1
Red,41289075-BroadwayKendall1
Red,41289076-BroadwayKendall1
Red,41289077-BroadwayKendall1
Red,41289078-BroadwayKendall1
Red,41289079-BroadwayKendall1
Red,41289080-BroadwayKendall1
Red,41289081-BroadwayKendall1
Red,41289082-BroadwayKendall1
Red,41289083-BroadwayKendall1
Red,41289084-BroadwayKendall1
Red,41289085-BroadwayKendall1
Red,41289086-BroadwayKendall1
Red,41289087-BroadwayKendall1
Red,41289088-BroadwayKendall1
Red,41289089-BroadwayKendall1
Red,41289090-BroadwayKendall1
Red,41289091-BroadwayKendall1
Red,41289092-BroadwayKendall1
Red,41289093-BroadwayKendall1
Red,41289094-BroadwayKendall1
Red,41289095-BroadwayKendall1
Red,41289096-BroadwayKendall1
Red,41289097-BroadwayKendall1
Red,41289098-BroadwayKendall1
Red,41289099-BroadwayKendall1
Red,41289100-BroadwayKendall1
Red,41289101-BroadwayKendall1
Red,41289102-BroadwayKendall1
Red,41289103-BroadwayKendall1
Red,41289104-BroadwayKendall1
Red,41289105-BroadwayKendall1
Red,41289106-BroadwayKendall1
Red,41289107-BroadwayKendall1
Red,41289108-BroadwayKendall1
Red,41289109-BroadwayKendall1
Red,41289110-BroadwayKendall1
Red,41289194-BroadwayKendall1
Red,41289195-BroadwayKendall1
Red,41289196-BroadwayKendall1
Red,41289197-BroadwayKendall1
Red,41289198-BroadwayKendall1
Red,41289199-BroadwayKendall1
Red,41289200-BroadwayKendall1
Red,41289201-BroadwayKendall1
Red,41289202-BroadwayKendall1
Red,41289203-BroadwayKendall1
Red,41289204-BroadwayKendall1
Red,41289205-BroadwayKendall1
Red,41289206-BroadwayKendall1
Red,41289207-BroadwayKendall1
Red,41289208-BroadwayKendall1
Red,41289209-BroadwayKendall1
Red,41289210-BroadwayKendall1
Red,41289211-BroadwayKendall1
Red,41289212-BroadwayKendall1
Red,41289213-BroadwayKendall1
Red,41289214-BroadwayKendall1
Red,41289215-BroadwayKendall1
Red,41289216-BroadwayKendall1
Red,41289217-BroadwayKendall1
Red,41289218-BroadwayKendall1
Red,41289219-BroadwayKendall1
Red,41289220-BroadwayKendall1
Red,41289221-BroadwayKendall1
Red,41289222-BroadwayKendall1
Red,41289223-BroadwayKendall1
Red,41289224-BroadwayKendall1
Red,41289225-BroadwayKendall1
Red,41289226-BroadwayKendall1
Red,41289227-BroadwayKendall1
Red,41289228-BroadwayKendall1
Red,41289229-BroadwayKendall1
Red,41289230-BroadwayKendall1
Red,41289231-BroadwayKendall1
Red,41289232-BroadwayKendall1
Red,41289233-BroadwayKendall1
Red,41289234-BroadwayKendall1
Red,41289235-BroadwayKendall1
Red,41289236-BroadwayKendall1
Red,41289237-BroadwayKendall1
Red,41289238-BroadwayKendall1
Red,41289239-BroadwayKendall1
Red,41289240-BroadwayKendall1
Red,41289241-BroadwayKendall1
Red,41289242-BroadwayKendall1
Red,41289243-BroadwayKendall1
Red,41289244-BroadwayKendall1
Red,41289245-BroadwayKendall1
Red,41289246-BroadwayKendall1
Red,41289247-BroadwayKendall1
Red,41289248-BroadwayKendall1
Red,41289249-BroadwayKendall1
Red,41289250-BroadwayKendall1
Red,41289251-BroadwayKendall1
Red,41289252-BroadwayKendall1
Red,41289253-BroadwayKendall1
Red,41289254-BroadwayKendall1
Red,41289255-BroadwayKendall1
Red,41289256-BroadwayKendall1
Red,41289257-BroadwayKendall1
Red,41289258-BroadwayKendall1
Red,41289259-BroadwayKendall1
Red,41289260-BroadwayKendall1
Red,41289261-BroadwayKendall1
Red,41289262-BroadwayKendall1
Red,41289263-BroadwayKendall1
Red,41289264-BroadwayKendall1
Red,41289265-BroadwayKendall1
Red,41289266-BroadwayKendall1
Red,41289267-BroadwayKendall1
Red,41289268-BroadwayKendall1
Red,41289269-BroadwayKendall1
Red,41289270-BroadwayKendall1
Red,41289271-BroadwayKendall1
Red,41289272-BroadwayKendall1
Red,41289273-BroadwayKendall1
Red,41289274-BroadwayKendall1
Red,41289275-BroadwayKendall1
Red,41289278-BroadwayKendall1
Red,41289279-BroadwayKendall1
Red,41289360-BroadwayKendall1
Red,41260977-BroadwayKendall1
Red,41260978-BroadwayKendall1
Red,41260979-BroadwayKendall1
Red,41260980-BroadwayKendall1
Red,41260981-BroadwayKendall1
Red,41260982-BroadwayKendall1
Red,41260983-BroadwayKendall1
Red,41260984-BroadwayKendall1
Red,41260985-BroadwayKendall1
Red,41260986-BroadwayKendall1
Red,41260987-BroadwayKendall1
Red,41260988-BroadwayKendall1
Red,41260989-BroadwayKendall1
Red,41260990-BroadwayKendall1
Red,41260991-BroadwayKendall1
Red,41260992-BroadwayKendall1
Red,41260993-BroadwayKendall1
Red,41260994-BroadwayKendall1
Red,41260995-BroadwayKendall1
Red,41260996-BroadwayKendall1
Red,41260997-BroadwayKendall1
Red,41260998-BroadwayKendall1
Red,41260999-BroadwayKendall1
Red,41261000-BroadwayKendall1
Red,41261001-BroadwayKendall1
Red,41261002-BroadwayKendall1
Red,41261003-BroadwayKendall1
Red,41261004-BroadwayKendall1
Red,41261005-BroadwayKendall1
Red,41261006-BroadwayKendall1
Red,41261007-BroadwayKendall1
Red,41261008-BroadwayKendall1
Red,41261009-BroadwayKendall1
Red,41261010-BroadwayKendall1
Red,41261011-BroadwayKendall1
Red,41261012-BroadwayKendall1
Red,41261013-BroadwayKendall1
Red,41261014-BroadwayKendall1
Red,41261015-BroadwayKendall1
Red,41261016-BroadwayKendall1
Red,41261017-BroadwayKendall1
Red,41261018-BroadwayKendall1
Red,41261019-BroadwayKendall1
Red,41261020-BroadwayKendall1
Red,41261021-BroadwayKendall1
Red,41261022-BroadwayKendall1
Red,41261023-BroadwayKendall1
Red,41261024-BroadwayKendall1
Red,41261025-BroadwayKendall1
Red,41261026-BroadwayKendall1
Red,41261027-BroadwayKendall1
Red,41261028-BroadwayKendall1
Red,41261029-BroadwayKendall1
Red,41261030-BroadwayKendall1
Red,41261031-BroadwayKendall1
Red,41261032-BroadwayKendall1
Red,41261033-BroadwayKendall1
Red,41261034-BroadwayKendall1
Red,41261035-BroadwayKendall1
Red,41261036-BroadwayKendall1
Red,41261037-BroadwayKendall1
Red,41261038-BroadwayKendall1
Red,41261039-BroadwayKendall1
Red,41261040-BroadwayKendall1
Red,41261041-BroadwayKendall1
Red,41261042-BroadwayKendall1
Red,41261043-BroadwayKendall1
Red,41261044-BroadwayKendall1
Red,41261045-BroadwayKendall1
Red,41261046-BroadwayKendall1
Red,41261047-BroadwayKendall1
Red,41261048-BroadwayKendall1
Red,41261049-BroadwayKendall1
Red,41261050-BroadwayKendall1
Red,41260745-BroadwayKendall1
Red,41260746-BroadwayKendall1
Red,41260747-BroadwayKendall1
Red,41260833-BroadwayKendall1
Red,41260834-BroadwayKendall1
Red,41260835-BroadwayKendall1
Red,41260836-BroadwayKendall1
Red,41260837-BroadwayKendall1
Red,41260838-BroadwayKendall1
Red,41260839-BroadwayKendall1
Red,41260840-BroadwayKendall1
Red,41260841-BroadwayKendall1
Red,41260842-BroadwayKendall1
Red,41260843-BroadwayKendall1
Red,41260844-BroadwayKendall1
Red,41260845-BroadwayKendall1
Red,41260846-BroadwayKendall1
Red,41260847-BroadwayKendall1
Red,41260848-BroadwayKendall1
Red,41260849-BroadwayKendall1
Red,41260850-BroadwayKendall1
Red,41260851-BroadwayKendall1
Red,41260852-BroadwayKendall1
Red,41260853-BroadwayKendall1
Red,41260854-BroadwayKendall1
Red,41260855-BroadwayKendall1
Red,41260856-BroadwayKendall1
Red,41260857-BroadwayKendall1
Red,41260858-BroadwayKendall1
Red,41260859-BroadwayKendall1
Red,41260860-BroadwayKendall1
Red,41260861-BroadwayKendall1
Red,41260862-BroadwayKendall1
Red,41260863-BroadwayKendall1
Red,41260864-BroadwayKendall1
Red,41260865-BroadwayKendall1
Red,41260866-BroadwayKendall1
Red,41260867-BroadwayKendall1
Red,41260868-BroadwayKendall1
Red,41260869-BroadwayKendall1
Red,41260870-BroadwayKendall1
Red,41260871-BroadwayKendall1
Red,41260872-BroadwayKendall1
Red,41260873-BroadwayKendall1
Red,41260874-BroadwayKendall1
Red,41260875-BroadwayKendall1
Red,41260876-BroadwayKendall1
Red,41260877-BroadwayKendall1
Red,41260878-BroadwayKendall1
Red,41260879-BroadwayKendall1
Red,41260880-BroadwayKendall1
Red,41260881-BroadwayKendall1
Red,41260882-BroadwayKendall1
Red,41260883-BroadwayKendall1
Red,41260884-BroadwayKendall1
Red,41260885-BroadwayKendall1
Red,41260886-BroadwayKendall1
Red,41260887-BroadwayKendall1
Red,41260888-BroadwayKendall1
Red,41260889-BroadwayKendall1
Red,41260890-BroadwayKendall1
Red,41260891-BroadwayKendall1
Red,41260892-BroadwayKendall1
Red,41260893-BroadwayKendall1
Red,41260894-BroadwayKendall1
Red,41260895-BroadwayKendall1
Red,41260896-BroadwayKendall1
Red,41260897-BroadwayKendall1
Red,41260898-BroadwayKendall1
Red,41260899-BroadwayKendall1
Red,41260900-BroadwayKendall1
Red,41260901-BroadwayKendall1
Red,41260902-BroadwayKendall1
Red,41260903-BroadwayKendall1
Red,41260904-BroadwayKendall1
Red,41260905-BroadwayKendall1
Red,41260906-BroadwayKendall1
Red,41260907-BroadwayKendall1
Red,41260908-BroadwayKendall1
Red,41260909-BroadwayKendall1
Red,41260910-BroadwayKendall1
Red,41260911-BroadwayKendall1
Red,41260912-BroadwayKendall1
Red,41260913-BroadwayKendall1
Red,41260914-BroadwayKendall1
Red,41260915-BroadwayKendall1
Red,41260916-BroadwayKendall1
Red,41260917-BroadwayKendall1
Red,41260918-BroadwayKendall1
Red,41260919-BroadwayKendall1
Red,41260920-BroadwayKendall1
Red,41260921-BroadwayKendall1
Red,41260922-BroadwayKendall1
Red,41260923-BroadwayKendall1
Red,41260924-BroadwayKendall1
Red,41260925-BroadwayKendall1
Red,41260926-BroadwayKendall1
Red,41260927-BroadwayKendall1
Red,41260928-BroadwayKendall1
Red,41260929-BroadwayKendall1
Red,41260930-BroadwayKendall1
Red,41260931-BroadwayKendall1
Red,41260932-BroadwayKendall1
Red,41260933-BroadwayKendall1
Red,41260934-BroadwayKendall1
Red,41260935-BroadwayKendall1
Red,41260936-BroadwayKendall1
Red,41260937-BroadwayKendall1
Red,41260938-BroadwayKendall1
Red,41260939-BroadwayKendall1
Red,41260940-BroadwayKendall1
Red,41260941-BroadwayKendall1
Red,41260942-BroadwayKendall1
Red,41260943-BroadwayKendall1
Red,41260944-BroadwayKendall1
Red,41260945-BroadwayKendall1
Red,41260946-BroadwayKendall1
Red,41260947-BroadwayKendall1
Red,41260948-BroadwayKendall1
Red,41260949-BroadwayKendall1
Red,41260950-BroadwayKendall1
Red,41260951-BroadwayKendall1
Red,41260952-BroadwayKendall1
Red,41260953-BroadwayKendall1
Red,41260954-BroadwayKendall1
Red,41260955-BroadwayKendall1
Red,41260956-BroadwayKendall1
Red,41260957-BroadwayKendall1
Red,41260958-BroadwayKendall1
Red,41260959-BroadwayKendall1
Red,41260960-BroadwayKendall1
Red,41260961-BroadwayKendall1
Red,41260962-BroadwayKendall1
Red,41260963-BroadwayKendall1
Red,41260964-BroadwayKendall1
Red,41260965-BroadwayKendall1
Red,41260966-BroadwayKendall1
Red,41260967-BroadwayKendall1
Red,41260968-BroadwayKendall1
Red,41260969-BroadwayKendall1
Red,41260970-BroadwayKendall1
Red,41260971-BroadwayKendall1
Red,41260972-BroadwayKendall1
Red,41260973-BroadwayKendall1
Red,41260974-BroadwayKendall1
Red,41260975-BroadwayKendall1
Red,41260976-BroadwayKendall1
Red,41260760-BroadwayKendall1
Red,41260761-BroadwayKendall1
Red,41260762-BroadwayKendall1
Red,41260763-BroadwayKendall1
Red,41260764-BroadwayKendall1
Red,41260765-BroadwayKendall1
Red,41260766-BroadwayKendall1
Red,41260767-BroadwayKendall1
Red,41260768-BroadwayKendall1
Red,41260769-BroadwayKendall1
Red,41260770-BroadwayKendall1
Red,41260771-BroadwayKendall1
Red,41260772-BroadwayKendall1
Red,41260773-BroadwayKendall1
Red,41260774-BroadwayKendall1
Red,41260775-BroadwayKendall1
Red,41260776-BroadwayKendall1
Red,41260777-BroadwayKendall1
Red,41260778-BroadwayKendall1
Red,41260779-BroadwayKendall1
Red,41260780-BroadwayKendall1
Red,41260781-BroadwayKendall1
Red,41260782-BroadwayKendall1
Red,41260783-BroadwayKendall1
Red,41260784-BroadwayKendall1
Red,41260785-BroadwayKendall1
Red,41260786-BroadwayKendall1
Red,41260787-BroadwayKendall1
Red,41260788-BroadwayKendall1
Red,41260789-BroadwayKendall1
Red,41260790-BroadwayKendall1
Red,41260791-BroadwayKendall1
Red,41260792-BroadwayKendall1
Red,41260793-BroadwayKendall1
Red,41260794-BroadwayKendall1
Red,41260795-BroadwayKendall1
Red,41260796-BroadwayKendall1
Red,41260797-BroadwayKendall1
Red,41260798-BroadwayKendall1
Red,41260799-BroadwayKendall1
Red,41260800-BroadwayKendall1
Red,41260801-BroadwayKendall1
Red,41260802-BroadwayKendall1
Red,41260803-BroadwayKendall1
Red,41260804-BroadwayKendall1
Red,41260805-BroadwayKendall1
Red,41260806-BroadwayKendall1
Red,41260807-BroadwayKendall1
Red,41260808-BroadwayKendall1
Red,41260809-BroadwayKendall1
Red,41260810-BroadwayKendall1
Red,41260811-BroadwayKendall1
Red,41260812-BroadwayKendall1
Red,41260813-BroadwayKendall1
Red,41260814-BroadwayKendall1
Red,41260815-BroadwayKendall1
Red,41260816-BroadwayKendall1
Red,41260817-BroadwayKendall1
Red,41260818-BroadwayKendall1
Red,41260819-BroadwayKendall1
Red,41260820-BroadwayKendall1
Red,41260821-BroadwayKendall1
Red,41260822-BroadwayKendall1
Red,41260823-BroadwayKendall1
Red,41260824-BroadwayKendall1
Red,41260825-BroadwayKendall1
Red,41260826-BroadwayKendall1
Red,41260827-BroadwayKendall1
Red,41260828-BroadwayKendall1
Red,41260829-BroadwayKendall1
Red,41260830-BroadwayKendall1
Red,41260831-BroadwayKendall1
Red,41260832-BroadwayKendall1
Red,41260977-BroadwayKendallDTX1
Red,41260978-BroadwayKendallDTX1
Red,41260979-BroadwayKendallDTX1
Red,41260980-BroadwayKendallDTX1
Red,41260981-BroadwayKendallDTX1
Red,41260982-BroadwayKendallDTX1
Red,41260983-BroadwayKendallDTX1
Red,41260984-BroadwayKendallDTX1
Red,41260985-BroadwayKendallDTX1
Red,41260986-BroadwayKendallDTX1
Red,41260987-BroadwayKendallDTX1
Red,41260988-BroadwayKendallDTX1
Red,41260989-BroadwayKendallDTX1
Red,41260990-BroadwayKendallDTX1
Red,41260991-BroadwayKendallDTX1
Red,41260992-BroadwayKendallDTX1
Red,41260993-BroadwayKendallDTX1
Red,41260994-BroadwayKendallDTX1
Red,41260995-BroadwayKendallDTX1
Red,41260996-BroadwayKendallDTX1
Red,41260997-BroadwayKendallDTX1
Red,41260998-BroadwayKendallDTX1
Red,41260999-BroadwayKendallDTX1
Red,41261000-BroadwayKendallDTX1
Red,41261001-BroadwayKendallDTX1
Red,41261002-BroadwayKendallDTX1
Red,41261003-BroadwayKendallDTX1
Red,41261004-BroadwayKendallDTX1
Red,41261005-BroadwayKendallDTX1
Red,41261006-BroadwayKendallDTX1
Red,41261007-BroadwayKendallDTX1
Red,41261008-BroadwayKendallDTX1
Red,41261009-BroadwayKendallDTX1
Red,41261010-BroadwayKendallDTX1
Red,41261011-BroadwayKendallDTX1
Red,41261012-BroadwayKendallDTX1
Red,41261013-BroadwayKendallDTX1
Red,41261014-BroadwayKendallDTX1
Red,41261015-BroadwayKendallDTX1
Red,41261016-BroadwayKendallDTX1
Red,41261017-BroadwayKendallDTX1
Red,41261018-BroadwayKendallDTX1
Red,41261019-BroadwayKendallDTX1
Red,41261020-BroadwayKendallDTX1
Red,41261021-BroadwayKendallDTX1
Red,41261022-BroadwayKendallDTX1
Red,41261023-BroadwayKendallDTX1
Red,41261024-BroadwayKendallDTX1
Red,41261025-BroadwayKendallDTX1
Red,41261026-BroadwayKendallDTX1
Red,41261027-BroadwayKendallDTX1
Red,41261028-BroadwayKendallDTX1
Red,41261029-BroadwayKendallDTX1
Red,41261030-BroadwayKendallDTX1
Red,41261031-BroadwayKendallDTX1
Red,41261032-BroadwayKendallDTX1
Red,41261033-BroadwayKendallDTX1
Red,41261034-BroadwayKendallDTX1
Red,41261035-BroadwayKendallDTX1
Red,41261036-BroadwayKendallDTX1
Red,41261037-BroadwayKendallDTX1
Red,41261038-BroadwayKendallDTX1
Red,41261039-BroadwayKendallDTX1
Red,41261040-BroadwayKendallDTX1
Red,41261041-BroadwayKendallDTX1
Red,41261042-BroadwayKendallDTX1
Red,41261043-BroadwayKendallDTX1
Red,41261044-BroadwayKendallDTX1
Red,41261045-BroadwayKendallDTX1
Red,41261046-BroadwayKendallDTX1
Red,41261047-BroadwayKendallDTX1
Red,41261048-BroadwayKendallDTX1
Red,41261049-BroadwayKendallDTX1
Red,41261050-BroadwayKendallDTX1
Red,41260745-BroadwayKendallDTX1
Red,41260746-BroadwayKendallDTX1
Red,41260747-BroadwayKendallDTX1
Red,41260833-BroadwayKendallDTX1
Red,41260834-BroadwayKendallDTX1
Red,41260835-BroadwayKendallDTX1
Red,41260836-BroadwayKendallDTX1
Red,41260837-BroadwayKendallDTX1
Red,41260838-BroadwayKendallDTX1
Red,41260839-BroadwayKendallDTX1
Red,41260840-BroadwayKendallDTX1
Red,41260841-BroadwayKendallDTX1
Red,41260842-BroadwayKendallDTX1
Red,41260843-BroadwayKendallDTX1
Red,41260844-BroadwayKendallDTX1
Red,41260845-BroadwayKendallDTX1
Red,41260846-BroadwayKendallDTX1
Red,41260847-BroadwayKendallDTX1
Red,41260848-BroadwayKendallDTX1
Red,41260849-BroadwayKendallDTX1
Red,41260850-BroadwayKendallDTX1
Red,41260851-BroadwayKendallDTX1
Red,41260852-BroadwayKendallDTX1
Red,41260853-BroadwayKendallDTX1
Red,41260854-BroadwayKendallDTX1
Red,41260855-BroadwayKendallDTX1
Red,41260856-BroadwayKendallDTX1
Red,41260857-BroadwayKendallDTX1
Red,41260858-BroadwayKendallDTX1
Red,41260859-BroadwayKendallDTX1
Red,41260860-BroadwayKendallDTX1
Red,41260861-BroadwayKendallDTX1
Red,41260862-BroadwayKendallDTX1
Red,41260863-BroadwayKendallDTX1
Red,41260864-BroadwayKendallDTX1
Red,41260865-BroadwayKendallDTX1
Red,41260866-BroadwayKendallDTX1
Red,41260867-BroadwayKendallDTX1
Red,41260868-BroadwayKendallDTX1
Red,41260869-BroadwayKendallDTX1
Red,41260870-BroadwayKendallDTX1
Red,41260871-BroadwayKendallDTX1
Red,41260872-BroadwayKendallDTX1
Red,41260873-BroadwayKendallDTX1
Red,41260874-BroadwayKendallDTX1
Red,41260875-BroadwayKendallDTX1
Red,41260876-BroadwayKendallDTX1
Red,41260877-BroadwayKendallDTX1
Red,41260878-BroadwayKendallDTX1
Red,41260879-BroadwayKendallDTX1
Red,41260880-BroadwayKendallDTX1
Red,41260881-BroadwayKendallDTX1
Red,41260882-BroadwayKendallDTX1
Red,41260883-BroadwayKendallDTX1
Red,41260884-BroadwayKendallDTX1
Red,41260885-BroadwayKendallDTX1
Red,41260886-BroadwayKendallDTX1
Red,41260887-BroadwayKendallDTX1
Red,41260888-BroadwayKendallDTX1
Red,41260889-BroadwayKendallDTX1
Red,41260890-BroadwayKendallDTX1
Red,41260891-BroadwayKendallDTX1
Red,41260892-BroadwayKendallDTX1
Red,41260893-BroadwayKendallDTX1
Red,41260894-BroadwayKendallDTX1
Red,41260895-BroadwayKendallDTX1
Red,41260896-BroadwayKendallDTX1
Red,41260897-BroadwayKendallDTX1
Red,41260898-BroadwayKendallDTX1
Red,41260899-BroadwayKendallDTX1
Red,41260900-BroadwayKendallDTX1
Red,41260901-BroadwayKendallDTX1
Red,41260902-BroadwayKendallDTX1
Red,41260903-BroadwayKendallDTX1
Red,41260904-BroadwayKendallDTX1
Red,41260905-BroadwayKendallDTX1
Red,41260906-BroadwayKendallDTX1
Red,41260907-BroadwayKendallDTX1
Red,41260908-BroadwayKendallDTX1
Red,41260909-BroadwayKendallDTX1
Red,41260910-BroadwayKendallDTX1
Red,41260911-BroadwayKendallDTX1
Red,41260912-BroadwayKendallDTX1
Red,41260913-BroadwayKendallDTX1
Red,41260914-BroadwayKendallDTX1
Red,41260915-BroadwayKendallDTX1
Red,41260916-BroadwayKendallDTX1
Red,41260917-BroadwayKendallDTX1
Red,41260918-BroadwayKendallDTX1
Red,41260919-BroadwayKendallDTX1
Red,41260920-BroadwayKendallDTX1
Red,41260921-BroadwayKendallDTX1
Red,41260922-BroadwayKendallDTX1
Red,41260923-BroadwayKendallDTX1
Red,41260924-BroadwayKendallDTX1
Red,41260925-BroadwayKendallDTX1
Red,41260926-BroadwayKendallDTX1
Red,41260927-BroadwayKendallDTX1
Red,41260928-BroadwayKendallDTX1
Red,41260929-BroadwayKendallDTX1
Red,41260930-BroadwayKendallDTX1
Red,41260931-BroadwayKendallDTX1
Red,41260932-BroadwayKendallDTX1
Red,41260933-BroadwayKendallDTX1
Red,41260934-BroadwayKendallDTX1
Red,41260935-BroadwayKendallDTX1
Red,41260936-BroadwayKendallDTX1
Red,41260937-BroadwayKendallDTX1
Red,41260938-BroadwayKendallDTX1
Red,41260939-BroadwayKendallDTX1
Red,41260940-BroadwayKendallDTX1
Red,41260941-BroadwayKendallDTX1
Red,41260942-BroadwayKendallDTX1
Red,41260943-BroadwayKendallDTX1
Red,41260944-BroadwayKendallDTX1
Red,41260945-BroadwayKendallDTX1
Red,41260946-BroadwayKendallDTX1
Red,41260947-BroadwayKendallDTX1
Red,41260948-BroadwayKendallDTX1
Red,41260949-BroadwayKendallDTX1
Red,41260950-BroadwayKendallDTX1
Red,41260951-BroadwayKendallDTX1
Red,41260952-BroadwayKendallDTX1
Red,41260953-BroadwayKendallDTX1
Red,41260954-BroadwayKendallDTX1
Red,41260955-BroadwayKendallDTX1
Red,41260956-BroadwayKendallDTX1
Red,41260957-BroadwayKendallDTX1
Red,41260958-BroadwayKendallDTX1
Red,41260959-BroadwayKendallDTX1
Red,41260960-BroadwayKendallDTX1
Red,41260961-BroadwayKendallDTX1
Red,41260962-BroadwayKendallDTX1
Red,41260963-BroadwayKendallDTX1
Red,41260964-BroadwayKendallDTX1
Red,41260965-BroadwayKendallDTX1
Red,41260966-BroadwayKendallDTX1
Red,41260967-BroadwayKendallDTX1
Red,41260968-BroadwayKendallDTX1
Red,41260969-BroadwayKendallDTX1
Red,41260970-BroadwayKendallDTX1
Red,41260971-BroadwayKendallDTX1
Red,41260972-BroadwayKendallDTX1
Red,41260973-BroadwayKendallDTX1
Red,41260974-BroadwayKendallDTX1
Red,41260975-BroadwayKendallDTX1
Red,41260976-BroadwayKendallDTX1
Red,41260760-BroadwayKendallDTX1
Red,41260761-BroadwayKendallDTX1
Red,41260762-BroadwayKendallDTX1
Red,41260763-BroadwayKendallDTX1
Red,41260764-BroadwayKendallDTX1
Red,41260765-BroadwayKendallDTX1
Red,41260766-BroadwayKendallDTX1
Red,41260767-BroadwayKendallDTX1
Red,41260768-BroadwayKendallDTX1
Red,41260769-BroadwayKendallDTX1
Red,41260770-BroadwayKendallDTX1
Red,41260771-BroadwayKendallDTX1
Red,41260772-BroadwayKendallDTX1
Red,41260773-BroadwayKendallDTX1
Red,41260774-BroadwayKendallDTX1
Red,41260775-BroadwayKendallDTX1
Red,41260776-BroadwayKendallDTX1
Red,41260777-BroadwayKendallDTX1
Red,41260778-BroadwayKendallDTX1
Red,41260779-BroadwayKendallDTX1
Red,41260780-BroadwayKendallDTX1
Red,41260781-BroadwayKendallDTX1
Red,41260782-BroadwayKendallDTX1
Red,41260783-BroadwayKendallDTX1
Red,41260784-BroadwayKendallDTX1
Red,41260785-BroadwayKendallDTX1
Red,41260786-BroadwayKendallDTX1
Red,41260787-BroadwayKendallDTX1
Red,41260788-BroadwayKendallDTX1
Red,41260789-BroadwayKendallDTX1
Red,41260790-BroadwayKendallDTX1
Red,41260791-BroadwayKendallDTX1
Red,41260792-BroadwayKendallDTX1
Red,41260793-BroadwayKendallDTX1
Red,41260794-BroadwayKendallDTX1
Red,41260795-BroadwayKendallDTX1
Red,41260796-BroadwayKendallDTX1
Red,41260797-BroadwayKendallDTX1
Red,41260798-BroadwayKendallDTX1
Red,41260799-BroadwayKendallDTX1
Red,41260800-BroadwayKendallDTX1
Red,41260801-BroadwayKendallDTX1
Red,41260802-BroadwayKendallDTX1
Red,41260803-BroadwayKendallDTX1
Red,41260804-BroadwayKendallDTX1
Red,41260805-BroadwayKendallDTX1
Red,41260806-BroadwayKendallDTX1
Red,41260807-BroadwayKendallDTX1
Red,41260808-BroadwayKendallDTX1
Red,41260809-BroadwayKendallDTX1
Red,41260810-BroadwayKendallDTX1
Red,41260811-BroadwayKendallDTX1
Red,41260812-BroadwayKendallDTX1
Red,41260813-BroadwayKendallDTX1
Red,41260814-BroadwayKendallDTX1
Red,41260815-BroadwayKendallDTX1
Red,41260816-BroadwayKendallDTX1
Red,41260817-BroadwayKendallDTX1
Red,41260818-BroadwayKendallDTX1
Red,41260819-BroadwayKendallDTX1
Red,41260820-BroadwayKendallDTX1
Red,41260821-BroadwayKendallDTX1
Red,41260822-BroadwayKendallDTX1
Red,41260823-BroadwayKendallDTX1
Red,41260824-BroadwayKendallDTX1
Red,41260825-BroadwayKendallDTX1
Red,41260826-BroadwayKendallDTX1
Red,41260827-BroadwayKendallDTX1
Red,41260828-BroadwayKendallDTX1
Red,41260829-BroadwayKendallDTX1
Red,41260830-BroadwayKendallDTX1
Red,41260831-BroadwayKendallDTX1
Red,41260832-BroadwayKendallDTX1
CR-Franklin,CR-Saturday-Fall-19-1703-ForgeParkReadvilleForgeParkSouthStation1
CR-Franklin,CR-Saturday-Fall-19-1705-ForgeParkReadvilleForgeParkSouthStation1
CR-Franklin,CR-Saturday-Fall-19-1707-ForgeParkReadvilleForgeParkSouthStation1
CR-Franklin,CR-Saturday-Fall-19-1709-ForgeParkReadvilleForgeParkSouthStation1
CR-Franklin,CR-Saturday-Fall-19-1711-ForgeParkReadvilleForgeParkSouthStation1
CR-Franklin,CR-Saturday-Fall-19-1713-ForgeParkReadvilleForgeParkSouthStation1
CR-Franklin,CR-Saturday-Fall-19-1715-ForgeParkReadvilleForgeParkSouthStation1
CR-Franklin,CR-Saturday-Fall-19-1717-ForgeParkReadvilleForgeParkSouthStation1
CR-Franklin,CR-Saturday-Fall-19-1719-ForgeParkReadvilleForgeParkSouthStation1
CR-Franklin,CR-Saturday-Fall-19-1702-ForgeParkReadvilleForgeParkSouthStation1
CR-Franklin,CR-Saturday-Fall-19-1704-ForgeParkReadvilleForgeParkSouthStation1
CR-Franklin,CR-Saturday-Fall-19-1706-ForgeParkReadvilleForgeParkSouthStation1
CR-Franklin,CR-Saturday-Fall-19-1708-ForgeParkReadvilleForgeParkSouthStation1
CR-Franklin,CR-Saturday-Fall-19-1710-ForgeParkReadvilleForgeParkSouthStation1
CR-Franklin,CR-Saturday-Fall-19-1712-ForgeParkReadvilleForgeParkSouthStation1
CR-Franklin,CR-Saturday-Fall-19-1714-ForgeParkReadvilleForgeParkSouthStation1
CR-Franklin,CR-Saturday-Fall-19-1716-ForgeParkReadvilleForgeParkSouthStation1
CR-Franklin,CR-Saturday-Fall-19-1718-ForgeParkReadvilleForgeParkSouthStation1
CR-Franklin,CR-Sunday-Fall-19-2707-ForgeParkReadvilleForgeParkSouthStation1
CR-Franklin,CR-Sunday-Fall-19-2709-ForgeParkReadvilleForgeParkSouthStation1
CR-Franklin,CR-Sunday-Fall-19-2711-ForgeParkReadvilleForgeParkSouthStation1
CR-Franklin,CR-Sunday-Fall-19-2713-ForgeParkReadvilleForgeParkSouthStation1
CR-Franklin,CR-Sunday-Fall-19-2715-ForgeParkReadvilleForgeParkSouthStation1
CR-Franklin,CR-Sunday-Fall-19-2717-ForgeParkReadvilleForgeParkSouthStation1
CR-Franklin,CR-Sunday-Fall-19-2719-ForgeParkReadvilleForgeParkSouthStation1
CR-Franklin,CR-Sunday-Fall-19-2706-ForgeParkReadvilleForgeParkSouthStation1
CR-Franklin,CR-Sunday-Fall-19-2708-ForgeParkReadvilleForgeParkSouthStation1
CR-Franklin,CR-Sunday-Fall-19-2710-ForgeParkReadvilleForgeParkSouthStation1
CR-Franklin,CR-Sunday-Fall-19-2712-ForgeParkReadvilleForgeParkSouthStation1
CR-Franklin,CR-Sunday-Fall-19-2714-ForgeParkReadvilleForgeParkSouthStation1
CR-Franklin,CR-Sunday-Fall-19-2716-ForgeParkReadvilleForgeParkSouthStation1
CR-Franklin,CR-Sunday-Fall-19-2718-ForgeParkReadvilleForgeParkSouthStation1
